qualifyId,raceId,driverId,constructorId,number,position,q1,q2,q3,q1sec,q2sec,q1_rank
1,18,1,1,22,1,1:26.572,1:25.187,1:26.714,86.572,85.187,10
2,18,9,2,4,2,1:26.103,1:25.315,1:26.869,86.10300000000001,85.315,4
3,18,5,1,23,3,1:25.664,1:25.452,1:27.079,85.664,85.452,1
4,18,13,6,2,4,1:25.994,1:25.691,1:27.178,85.994,85.691,3
5,18,2,2,3,5,1:25.960,1:25.518,1:27.236,85.96000000000001,85.518,2
6,18,15,7,11,6,1:26.427,1:26.101,1:28.527,86.42699999999999,86.101,9
7,18,3,3,7,7,1:26.295,1:26.059,1:28.687,86.295,86.059,6
8,18,14,9,9,8,1:26.381,1:26.063,1:29.041,86.381,86.063,8
9,18,10,7,12,9,1:26.919,1:26.164,1:29.593,86.919,86.164,16
10,18,20,5,15,10,1:26.702,1:25.842,\N,86.702,85.842,11
11,18,22,11,17,11,1:26.369,1:26.173,\N,86.369,86.173,7
12,18,4,4,5,12,1:26.907,1:26.188,\N,86.907,86.188,14
13,18,18,11,16,13,1:26.712,1:26.259,\N,86.712,86.259,12
14,18,6,3,8,14,1:26.891,1:26.413,\N,86.89099999999999,86.413,13
15,18,17,9,10,15,1:26.914,\N,\N,86.914,NA,15
16,18,8,6,1,16,1:26.140,\N,\N,86.14,NA,5
17,18,21,10,21,17,1:27.207,\N,\N,87.207,NA,17
18,18,7,5,14,18,1:27.446,\N,\N,87.446,NA,18
19,18,16,10,20,19,1:27.859,\N,\N,87.85900000000001,NA,19
20,18,11,8,18,20,1:28.208,\N,\N,88.208,NA,20
21,18,12,4,6,21,1:28.330,\N,\N,88.33,NA,21
22,18,19,8,19,22,1:29.059,\N,\N,89.059,NA,22
23,19,13,6,2,1,1:35.347,1:34.412,1:35.748,95.34700000000001,94.412,3
24,19,8,6,1,2,1:35.645,1:34.188,1:36.230,95.64500000000001,94.188,6
25,19,5,1,23,3,1:35.227,1:34.759,1:36.613,95.227,94.759,2
26,19,1,1,22,4,1:35.392,1:34.627,1:36.709,95.392,94.62700000000001,4
27,19,15,7,11,5,1:35.205,1:34.960,1:36.711,95.205,94.96000000000001,1
28,19,9,2,4,6,1:35.794,1:34.811,1:36.727,95.794,94.811,8
29,19,2,2,3,7,1:35.729,1:34.648,1:36.753,95.729,94.648,7
30,19,17,9,10,8,1:35.440,1:34.967,1:37.009,95.44,94.967,5
31,19,4,4,5,9,1:35.983,1:35.140,1:38.450,95.983,95.14,12
32,19,10,7,12,10,1:35.891,1:35.000,1:39.656,95.89099999999999,95,11
33,19,18,11,16,11,1:35.847,1:35.208,\N,95.84700000000001,95.208,10
34,19,14,9,9,12,1:36.058,1:35.408,\N,96.05799999999999,95.408,13
35,19,12,4,6,13,1:36.074,1:35.562,\N,96.074,95.562,14
36,19,22,11,17,14,1:36.198,1:35.622,\N,96.19800000000001,95.622,16
37,19,20,5,15,15,1:36.111,1:35.648,\N,96.11099999999999,95.648,15
38,19,3,3,7,16,1:35.843,1:35.670,\N,95.843,95.67,9
39,19,21,10,21,17,1:36.240,\N,\N,96.24000000000001,NA,17
40,19,6,3,8,18,1:36.388,\N,\N,96.388,NA,18
41,19,7,5,14,19,1:36.677,\N,\N,96.67699999999999,NA,19
42,19,11,8,18,20,1:37.087,\N,\N,97.087,NA,20
43,19,16,10,20,21,1:37.101,\N,\N,97.101,NA,21
44,19,19,8,19,22,1:37.481,\N,\N,97.481,NA,22
45,20,9,2,4,1,1:32.893,1:31.745,1:33.096,92.893,91.745,7
46,20,13,6,2,2,1:31.937,1:31.188,1:33.123,91.937,91.188,1
47,20,1,1,22,3,1:32.750,1:31.922,1:33.292,92.75,91.922,4
48,20,8,6,1,4,1:32.652,1:31.933,1:33.418,92.652,91.93299999999999,3
49,20,5,1,23,5,1:33.057,1:31.718,1:33.488,93.057,91.718,12
50,20,2,2,3,6,1:33.137,1:31.909,1:33.737,93.137,91.90899999999999,13
51,20,15,7,11,7,1:32.493,1:32.159,1:33.994,92.493,92.15899999999999,2
52,20,3,3,7,8,1:32.903,1:32.185,1:34.015,92.90299999999999,92.185,8
53,20,18,11,16,9,1:32.793,1:32.362,1:35.057,92.793,92.362,5
54,20,4,4,5,10,1:32.947,1:32.345,1:35.115,92.947,92.345,10
55,20,17,9,10,11,1:33.194,1:32.371,\N,93.194,92.37100000000001,14
56,20,22,11,17,12,1:32.944,1:32.508,\N,92.944,92.50800000000001,9
57,20,10,7,12,13,1:32.800,1:32.528,\N,92.8,92.52799999999999,6
58,20,12,4,6,14,1:32.975,1:32.790,\N,92.975,92.78999999999999,11
59,20,7,5,14,15,1:33.415,1:32.915,\N,93.41499999999999,92.91499999999999,16
60,20,6,3,8,16,1:33.386,1:32.943,\N,93.386,92.943,15
61,20,14,9,9,17,1:33.433,\N,\N,93.43299999999999,NA,17
62,20,21,10,21,18,1:33.501,\N,\N,93.501,NA,18
63,20,20,5,15,19,1:33.562,\N,\N,93.562,NA,19
64,20,16,10,20,20,1:33.845,\N,\N,93.845,NA,20
65,20,19,8,19,21,1:34.140,\N,\N,94.14,NA,21
66,20,11,8,18,22,1:35.725,\N,\N,95.725,NA,22
67,21,8,6,1,1,1:20.701,1:20.784,1:21.813,80.701,80.78399999999999,1
68,21,4,4,5,2,1:21.347,1:20.804,1:21.904,81.34700000000001,80.804,3
69,21,13,6,2,3,1:21.528,1:20.584,1:22.058,81.52799999999999,80.584,12
70,21,9,2,4,4,1:21.423,1:20.597,1:22.065,81.423,80.59700000000001,6
71,21,1,1,22,5,1:21.366,1:20.825,1:22.096,81.366,80.825,4
72,21,5,1,23,6,1:21.430,1:20.817,1:22.231,81.43,80.81700000000001,8
73,21,17,9,10,7,1:21.494,1:20.984,1:22.429,81.494,80.98400000000001,11
74,21,15,7,11,8,1:21.158,1:20.907,1:22.529,81.158,80.907,2
75,21,2,2,3,9,1:21.466,1:20.815,1:22.542,81.46600000000001,80.815,9
76,21,12,4,6,10,1:21.409,1:20.894,1:22.699,81.40899999999999,80.894,5
77,21,22,11,17,11,1:21.548,1:21.049,\N,81.548,81.049,14
78,21,6,3,8,12,1:21.690,1:21.117,\N,81.69,81.117,15
79,21,18,11,16,13,1:21.757,1:21.211,\N,81.757,81.211,16
80,21,10,7,12,14,1:21.427,1:21.230,\N,81.42699999999999,81.23,7
81,21,3,3,7,15,1:21.472,1:21.349,\N,81.47200000000001,81.349,10
82,21,7,5,14,16,1:21.540,1:21.724,\N,81.53999999999999,81.724,13
83,21,14,9,9,17,1:21.810,\N,\N,81.81,NA,17
84,21,20,5,15,18,1:22.108,\N,\N,82.108,NA,18
85,21,21,10,21,19,1:22.516,\N,\N,82.51599999999999,NA,19
86,21,16,10,20,20,1:23.224,\N,\N,83.224,NA,20
87,21,19,8,19,21,1:23.318,\N,\N,83.318,NA,21
88,21,11,8,18,22,1:23.496,\N,\N,83.496,NA,22
89,22,13,6,2,1,1:25.994,1:26.192,1:27.617,85.994,86.19200000000001,1
90,22,5,1,23,2,1:26.736,1:26.290,1:27.808,86.736,86.28999999999999,6
91,22,1,1,22,3,1:26.192,1:26.477,1:27.923,86.19200000000001,86.477,2
92,22,8,6,1,4,1:26.457,1:26.050,1:27.936,86.457,86.05,3
93,22,9,2,4,5,1:26.761,1:26.129,1:28.390,86.761,86.129,7
94,22,17,9,10,6,1:26.773,1:26.466,1:28.417,86.773,86.46600000000001,8
95,22,4,4,5,7,1:26.836,1:26.522,1:28.422,86.836,86.52199999999999,9
96,22,15,7,11,8,1:26.695,1:26.822,1:28.836,86.695,86.822,5
97,22,2,2,3,9,1:27.107,1:27.607,1:28.882,87.107,87.607,11
98,22,14,9,9,10,1:26.939,1:26.520,1:29.959,86.939,86.52,10
99,22,3,3,7,11,1:27.367,1:27.012,\N,87.367,87.012,13
100,22,22,11,17,12,1:27.355,1:27.219,\N,87.355,87.219,12
101,22,18,11,16,13,1:27.428,1:27.298,\N,87.428,87.298,14
102,22,20,5,15,14,1:27.442,1:27.412,\N,87.44200000000001,87.412,15
103,22,10,7,12,15,1:26.614,1:27.806,\N,86.614,87.806,4
104,22,6,3,8,16,1:27.547,\N,\N,87.547,NA,16
105,22,12,4,6,17,1:27.568,\N,\N,87.568,NA,17
106,22,7,5,14,18,1:27.621,\N,\N,87.621,NA,18
107,22,21,10,21,19,1:27.807,\N,\N,87.807,NA,19
108,22,16,10,20,20,1:28.325,\N,\N,88.325,NA,20
109,23,13,6,2,1,1:15.190,1:15.110,1:15.787,75.19,75.11,1
110,23,8,6,1,2,1:15.717,1:15.404,1:15.815,75.717,75.404,4
111,23,1,1,22,3,1:15.582,1:15.322,1:15.839,75.582,75.322,3
112,23,5,1,23,4,1:15.295,1:15.389,1:16.165,75.295,75.389,2
113,23,9,2,4,5,1:15.977,1:15.483,1:16.171,75.977,75.483,6
114,23,3,3,7,6,1:15.935,1:15.287,1:16.548,75.935,75.287,5
115,23,4,4,5,7,1:16.646,1:15.827,1:16.852,76.646,75.827,13
116,23,15,7,11,8,1:16.306,1:15.598,1:17.203,76.306,75.598,12
117,23,17,9,10,9,1:16.074,1:15.745,1:17.343,76.074,75.745,7
118,23,14,9,9,10,1:16.086,1:15.839,\N,76.086,75.839,8
119,23,10,7,12,11,1:16.285,1:15.907,\N,76.285,75.907,11
120,23,18,11,16,12,1:16.259,1:16.101,\N,76.259,76.101,10
121,23,2,2,3,13,1:16.650,1:16.455,\N,76.65,76.455,14
122,23,6,3,8,14,1:16.756,1:16.479,\N,76.756,76.479,15
123,23,22,11,17,15,1:16.208,1:16.537,\N,76.208,76.537,9
124,23,7,5,14,16,1:16.806,\N,\N,76.806,NA,16
125,23,12,4,6,17,1:16.933,\N,\N,76.93299999999999,NA,17
126,23,20,5,15,18,1:16.955,\N,\N,76.955,NA,18
127,23,16,10,20,19,1:17.225,\N,\N,77.225,NA,19
128,23,21,10,21,20,1:17.823,\N,\N,77.82300000000001,NA,20
129,24,1,1,22,1,1:16.909,1:17.034,1:17.886,76.90899999999999,77.03399999999999,1
130,24,9,2,4,2,1:17.471,1:17.679,1:18.498,77.471,77.679,6
131,24,8,6,1,3,1:17.301,1:17.364,1:18.735,77.301,77.364,4
132,24,4,4,5,4,1:17.415,1:17.488,1:18.746,77.41499999999999,77.488,5
133,24,3,3,7,5,1:17.991,1:17.891,1:18.844,77.991,77.89099999999999,9
134,24,13,6,2,6,1:17.231,1:17.353,1:19.048,77.231,77.35300000000001,2
135,24,5,1,23,7,1:17.287,1:17.684,1:19.089,77.287,77.684,3
136,24,2,2,3,8,1:18.082,1:17.781,1:19.633,78.082,77.781,11
137,24,22,11,17,9,1:18.256,1:18.020,1:20.848,78.256,78.02,13
138,24,17,9,10,10,1:17.582,1:17.523,\N,77.582,77.523,7
139,24,10,7,12,11,1:18.321,1:18.031,\N,78.321,78.031,14
140,24,6,3,8,12,1:17.638,1:18.062,\N,77.638,78.062,8
141,24,14,9,9,13,1:18.168,1:18.238,\N,78.168,78.238,12
142,24,15,7,11,14,1:18.039,1:18.327,\N,78.039,78.327,10
143,24,12,4,6,15,1:18.505,1:18.393,\N,78.505,78.393,15
144,24,7,5,14,16,1:18.916,\N,\N,78.916,NA,16
145,24,16,10,20,17,1:19.108,\N,\N,79.108,NA,17
146,24,21,10,21,18,1:19.165,\N,\N,79.16499999999999,NA,18
147,24,18,11,16,19,1:23.565,\N,\N,83.565,NA,19
149,25,8,6,1,1,1:15.133,1:15.161,1:16.449,75.133,75.161,2
150,25,13,6,2,2,1:15.024,1:15.041,1:16.490,75.024,75.041,1
151,25,1,1,22,3,1:15.634,1:15.293,1:16.693,75.634,75.293,4
152,25,4,4,5,4,1:15.754,1:15.483,1:16.840,75.754,75.483,7
153,25,15,7,11,5,1:15.521,1:15.362,1:16.920,75.521,75.362,3
154,25,5,1,23,6,1:15.965,1:15.639,1:16.944,75.965,75.639,11
155,25,9,2,4,7,1:15.687,1:15.723,1:17.037,75.687,75.723,5
156,25,17,9,10,8,1:16.020,1:15.488,1:17.233,76.02,75.488,13
157,25,14,9,9,9,1:15.802,1:15.654,1:17.426,75.80199999999999,75.654,8
158,25,10,7,12,10,1:15.727,1:15.558,1:17.596,75.727,75.55799999999999,6
159,25,12,4,6,11,1:15.848,1:15.770,\N,75.848,75.77,9
160,25,2,2,3,12,1:16.006,1:15.786,\N,76.006,75.786,12
161,25,20,5,15,13,1:15.918,1:15.816,\N,75.918,75.816,10
162,25,7,5,14,14,1:16.072,1:16.045,\N,76.072,76.045,14
163,25,3,3,7,15,1:16.085,1:16.235,\N,76.08500000000001,76.235,15
164,25,6,3,8,16,1:16.243,\N,\N,76.243,NA,16
165,25,18,11,16,17,1:16.306,\N,\N,76.306,NA,17
166,25,22,11,17,18,1:16.330,\N,\N,76.33,NA,18
167,25,21,10,21,19,1:16.971,\N,\N,76.971,NA,19
168,25,16,10,20,20,1:17.053,\N,\N,77.053,NA,20
169,26,5,1,23,1,1:19.957,1:19.597,1:21.049,79.957,79.59700000000001,1
170,26,17,9,10,2,1:20.982,1:19.710,1:21.554,80.982,79.71000000000001,10
171,26,8,6,1,3,1:20.370,1:19.971,1:21.706,80.37,79.971,4
172,26,1,1,22,4,1:20.288,1:19.537,1:21.835,80.288,79.537,2
173,26,2,2,3,5,1:21.022,1:19.802,1:21.873,81.02199999999999,79.80199999999999,12
174,26,4,4,5,6,1:20.998,1:19.992,1:22.029,80.998,79.992,11
175,26,12,4,6,7,1:20.818,1:20.115,1:22.491,80.818,80.115,8
176,26,20,5,15,8,1:20.318,1:20.109,1:23.251,80.318,80.10900000000001,3
177,26,13,6,2,9,1:20.676,1:20.086,1:23.305,80.676,80.086,7
178,26,9,2,4,10,1:20.444,1:19.788,\N,80.444,79.788,5
179,26,14,9,9,11,1:21.224,1:20.174,\N,81.224,80.174,14
180,26,10,7,12,12,1:20.893,1:20.274,\N,80.893,80.274,9
181,26,7,5,14,13,1:20.584,1:20.531,\N,80.584,80.531,6
182,26,15,7,11,14,1:21.145,1:20.601,\N,81.145,80.601,13
183,26,6,3,8,15,1:21.407,1:21.112,\N,81.407,81.112,15
184,26,22,11,17,16,1:21.512,\N,\N,81.512,NA,16
185,26,18,11,16,17,1:21.631,\N,\N,81.631,NA,17
186,26,3,3,7,18,1:21.668,\N,\N,81.668,NA,18
187,26,16,10,20,19,1:21.786,\N,\N,81.786,NA,19
188,26,21,10,21,20,1:21.885,\N,\N,81.885,NA,20
189,27,1,1,22,1,1:15.218,1:14.603,1:15.666,75.218,74.603,3
190,27,13,6,2,2,1:14.921,1:14.747,1:15.859,74.92099999999999,74.747,1
191,27,5,1,23,3,1:15.476,1:14.855,1:16.143,75.476,74.855,4
192,27,15,7,11,4,1:15.560,1:15.122,1:16.191,75.56,75.122,6
193,27,4,4,5,5,1:15.917,1:14.943,1:16.385,75.917,74.943,11
194,27,8,6,1,6,1:15.201,1:14.949,1:16.389,75.201,74.949,2
195,27,9,2,4,7,1:15.985,1:15.109,1:16.521,75.985,75.109,14
196,27,17,9,10,8,1:15.900,1:15.481,1:17.014,75.9,75.481,10
197,27,20,5,15,9,1:15.532,1:15.420,1:17.244,75.532,75.42,5
198,27,14,9,9,10,1:15.975,1:15.338,1:17.503,75.975,75.338,13
199,27,10,7,12,11,1:15.560,1:15.508,\N,75.56,75.508,6
200,27,2,2,3,12,1:15.596,1:15.581,\N,75.596,75.581,8
201,27,3,3,7,13,1:15.863,1:15.633,\N,75.863,75.633,9
202,27,18,11,16,14,1:15.993,1:15.701,\N,75.993,75.701,15
203,27,7,5,14,15,1:15.927,1:15.858,\N,75.92699999999999,75.858,12
204,27,6,3,8,16,1:16.083,\N,\N,76.083,NA,16
205,27,12,4,6,17,1:16.189,\N,\N,76.189,NA,17
206,27,22,11,17,18,1:16.246,\N,\N,76.246,NA,18
207,27,16,10,20,19,1:16.657,\N,\N,76.657,NA,19
208,27,21,10,21,20,1:16.963,\N,\N,76.963,NA,20
209,28,1,1,22,1,1:19.376,1:19.473,1:20.899,79.376,79.473,1
210,28,5,1,23,2,1:19.945,1:19.480,1:21.140,79.945,79.48,4
211,28,13,6,2,3,1:19.578,1:19.068,1:21.191,79.578,79.068,2
212,28,9,2,4,4,1:20.053,1:19.776,1:21.281,80.053,79.776,7
213,28,10,7,12,5,1:19.980,1:19.246,1:21.326,79.98,79.246,5
214,28,8,6,1,6,1:20.006,1:19.546,1:21.516,80.006,79.54599999999999,6
215,28,4,4,5,7,1:20.229,1:19.816,1:21.698,80.229,79.816,10
216,28,17,9,10,8,1:20.073,1:20.046,1:21.732,80.07300000000001,80.04599999999999,8
217,28,15,7,11,9,1:19.942,1:19.486,1:21.767,79.94200000000001,79.486,3
218,28,12,4,6,10,1:20.583,1:20.131,1:22.371,80.583,80.131,12
219,28,20,5,15,11,1:20.157,1:20.144,\N,80.157,80.144,9
220,28,18,11,16,12,1:20.888,1:20.332,\N,80.888,80.332,15
221,28,14,9,9,13,1:20.505,1:20.502,\N,80.505,80.502,11
222,28,7,5,14,14,1:20.640,1:20.963,\N,80.64,80.963,13
223,28,3,3,7,15,1:20.748,\N,\N,80.748,NA,14
224,28,2,2,3,16,1:21.045,\N,\N,81.045,NA,16
225,28,6,3,8,17,1:21.085,\N,\N,81.08500000000001,NA,17
226,28,22,11,17,18,1:21.332,\N,\N,81.332,NA,18
227,28,21,10,21,19,1:21.670,\N,\N,81.67,NA,19
228,28,16,10,20,20,1:22.113,\N,\N,82.113,NA,20
229,29,13,6,2,1,1:38.176,1:37.859,1:38.989,98.176,97.85900000000001,3
230,29,1,1,22,2,1:38.464,1:37.954,1:39.199,98.464,97.95400000000001,6
231,29,9,2,4,3,1:38.347,1:38.050,1:39.392,98.34700000000001,98.05,5
232,29,8,6,1,4,1:38.703,1:38.229,1:39.488,98.703,98.229,13
233,29,5,1,23,5,1:38.656,1:38.120,1:39.937,98.656,98.12,11
234,29,20,5,15,6,1:38.141,1:37.842,1:40.142,98.14099999999999,97.842,2
235,29,15,7,11,7,1:37.948,1:37.928,1:40.309,97.94800000000001,97.928,1
236,29,2,2,3,8,1:38.738,1:37.859,1:40.631,98.738,97.85900000000001,14
237,29,3,3,7,9,1:38.595,1:38.336,1:40.721,98.595,98.336,9
238,29,7,5,14,10,1:38.622,1:38.417,1:40.750,98.622,98.417,10
239,29,6,3,8,11,1:38.667,1:38.428,\N,98.667,98.428,12
240,29,4,4,5,12,1:38.268,1:38.435,\N,98.268,98.435,4
241,29,10,7,12,13,1:38.532,1:38.499,\N,98.532,98.499,7
242,29,17,9,10,14,1:38.559,1:38.515,\N,98.559,98.515,8
243,29,12,4,6,15,1:38.787,1:38.744,\N,98.787,98.744,15
244,29,18,11,16,16,1:38.880,\N,\N,98.88,NA,16
245,29,14,9,9,17,1:39.235,\N,\N,99.235,NA,17
246,29,21,10,21,18,1:39.268,\N,\N,99.268,NA,18
247,29,22,11,17,19,1:39.811,\N,\N,99.811,NA,19
248,29,16,10,20,20,1:39.943,\N,\N,99.943,NA,20
249,30,1,1,22,1,1:46.887,1:46.088,1:47.338,106.887,106.088,4
250,30,13,6,2,2,1:46.873,1:46.391,1:47.678,106.87299999999999,106.39099999999999,3
251,30,5,1,23,3,1:46.812,1:46.037,1:47.815,106.812,106.037,2
252,30,8,6,1,4,1:46.960,1:46.298,1:47.992,106.96000000000001,106.298,5
253,30,2,2,3,5,1:47.419,1:46.311,1:48.315,107.419,106.311,14
254,30,4,4,5,6,1:47.154,1:46.491,1:48.504,107.154,106.491,10
255,30,17,9,10,7,1:47.270,1:46.814,1:48.736,107.27000000000001,106.814,11
256,30,9,2,4,8,1:47.093,1:46.494,1:48.763,107.093,106.494,7
257,30,7,5,14,9,1:46.777,1:46.544,1:48.951,106.777,106.544,1
258,30,20,5,15,10,1:47.152,1:46.804,1:50.319,107.152,106.804,9
259,30,15,7,11,11,1:47.400,1:46.949,\N,107.4,106.949,13
260,30,12,4,6,12,1:47.052,1:46.965,\N,107.05199999999999,106.965,6
261,30,10,7,12,13,1:47.359,1:46.995,\N,107.35900000000001,106.995,12
262,30,14,9,9,14,1:47.132,1:47.018,\N,107.132,107.018,8
263,30,3,3,7,15,1:47.503,1:47.429,\N,107.503,107.429,15
264,30,22,11,17,16,1:48.153,\N,\N,108.15299999999999,NA,16
265,30,18,11,16,17,1:48.211,\N,\N,108.211,NA,17
266,30,16,10,20,18,1:48.226,\N,\N,108.226,NA,18
267,30,6,3,8,19,1:48.268,\N,\N,108.268,NA,19
268,30,21,10,21,20,1:48.447,\N,\N,108.447,NA,20
269,31,20,5,15,1,1:35.464,1:35.837,1:37.555,95.464,95.837,3
270,31,5,1,23,2,1:35.214,1:35.843,1:37.631,95.214,95.843,1
271,31,17,9,10,3,1:36.001,1:36.306,1:38.117,96.001,96.306,12
272,31,7,5,14,4,1:35.543,1:36.175,1:38.445,95.543,96.175,6
273,31,3,3,7,5,1:35.485,1:35.898,1:38.767,95.485,95.898,4
274,31,13,6,2,6,1:35.536,1:36.676,1:38.894,95.536,96.676,5
275,31,15,7,11,7,1:35.906,1:36.008,1:39.152,95.906,96.00800000000001,10
276,31,4,4,5,8,1:36.297,1:36.518,1:39.751,96.297,96.518,14
277,31,10,7,12,9,1:35.737,1:36.525,1:39.787,95.737,96.525,9
278,31,2,2,3,10,1:35.709,1:36.626,1:39.906,95.709,96.626,8
279,31,9,2,4,11,1:35.553,1:36.697,\N,95.553,96.697,7
280,31,21,10,21,12,1:36.280,1:36.698,\N,96.28,96.69800000000001,13
281,31,14,9,9,13,1:36.485,1:37.284,\N,96.485,97.28399999999999,15
282,31,8,6,1,14,1:35.965,1:37.522,\N,95.965,97.52199999999999,11
283,31,1,1,22,15,1:35.394,1:39.265,\N,95.394,99.265,2
284,31,22,11,17,16,1:36.510,\N,\N,96.50999999999999,NA,16
285,31,12,4,6,17,1:36.630,\N,\N,96.63,NA,17
286,31,6,3,8,18,1:36.653,\N,\N,96.65299999999999,NA,18
287,31,18,11,16,19,1:37.006,\N,\N,97.006,NA,19
288,31,16,10,20,20,1:37.417,\N,\N,97.417,NA,20
289,32,13,6,2,1,1:44.519,1:44.014,1:44.801,104.519,104.01400000000001,4
290,32,1,1,22,2,1:44.501,1:44.932,1:45.465,104.501,104.932,3
291,32,8,6,1,3,1:44.282,1:44.232,1:45.617,104.282,104.232,1
292,32,9,2,4,4,1:44.740,1:44.519,1:45.779,104.74000000000001,104.519,5
293,32,5,1,23,5,1:44.311,1:44.207,1:45.873,104.311,104.207,2
294,32,2,2,3,6,1:45.548,1:44.520,1:45.964,105.548,104.52000000000001,12
295,32,20,5,15,7,1:45.042,1:44.261,1:46.244,105.042,104.261,7
296,32,10,7,12,8,1:45.184,1:44.441,1:46.328,105.184,104.441,10
297,32,3,3,7,9,1:45.103,1:44.429,1:46.611,105.10300000000001,104.429,8
298,32,6,3,8,10,1:45.127,1:44.826,1:47.547,105.12700000000001,104.826,9
299,32,15,7,11,11,1:45.642,1:45.038,\N,105.642,105.038,13
300,32,18,11,16,12,1:45.660,1:45.133,\N,105.66,105.13300000000001,14
301,32,17,9,10,13,1:45.493,1:45.212,\N,105.493,105.212,11
302,32,14,9,9,14,1:46.028,1:45.298,\N,106.02799999999999,105.298,15
303,32,4,4,5,15,1:44.971,\N,\N,104.971,NA,6
304,32,12,4,6,16,1:46.037,\N,\N,106.037,NA,16
305,32,7,5,14,17,1:46.389,\N,\N,106.38900000000001,NA,17
306,32,22,11,17,18,1:46.583,\N,\N,106.583,NA,18
307,32,16,10,20,19,1:47.940,\N,\N,107.94,NA,19
309,33,1,1,22,1,1:18.071,1:17.462,1:18.404,78.071,77.462,2
310,33,8,6,1,2,1:18.160,1:17.733,1:18.644,78.16,77.733,4
311,33,5,1,23,3,1:18.220,1:17.360,1:18.821,78.22,77.36,5
312,33,4,4,5,4,1:18.290,1:17.871,1:18.852,78.28999999999999,77.871,6
313,33,13,6,2,5,1:18.110,1:17.287,1:18.874,78.11,77.287,3
314,33,9,2,4,6,1:18.684,1:17.931,1:18.979,78.684,77.931,14
315,33,15,7,11,7,1:18.501,1:17.541,1:19.026,78.501,77.541,10
316,33,10,7,12,8,1:17.945,1:17.670,1:19.118,77.945,77.67,1
317,33,20,5,15,9,1:18.559,1:17.714,1:19.638,78.559,77.714,11
318,33,7,5,14,10,1:18.593,1:18.102,1:20.167,78.593,78.102,12
319,33,14,9,9,11,1:18.303,1:18.187,\N,78.303,78.187,8
320,33,12,4,6,12,1:18.300,1:18.274,\N,78.3,78.274,7
321,33,17,9,10,13,1:18.372,1:18.354,\N,78.372,78.354,9
322,33,6,3,8,14,1:18.640,1:18.594,\N,78.64,78.594,13
323,33,3,3,7,15,1:18.740,1:18.672,\N,78.74,78.672,15
324,33,2,2,3,16,1:18.835,\N,\N,78.83500000000001,NA,16
325,33,22,11,17,17,1:18.882,\N,\N,78.882,NA,17
326,33,18,11,16,18,1:19.100,\N,\N,79.1,NA,18
327,33,16,10,20,19,1:19.163,\N,\N,79.163,NA,19
328,33,21,10,21,20,1:19.910,\N,\N,79.91,NA,20
329,34,1,1,22,1,1:35.566,1:34.947,1:36.303,95.566,94.947,1
330,34,8,6,1,2,1:35.983,1:35.355,1:36.645,95.983,95.35499999999999,6
331,34,13,6,2,3,1:35.971,1:35.135,1:36.889,95.971,95.13499999999999,5
332,34,4,4,5,4,1:35.769,1:35.461,1:36.927,95.769,95.461,4
333,34,5,1,23,5,1:35.623,1:35.216,1:36.930,95.62299999999999,95.21600000000001,2
334,34,17,9,10,6,1:36.238,1:35.686,1:37.083,96.238,95.686,11
335,34,2,2,3,7,1:36.224,1:35.403,1:37.201,96.22399999999999,95.40299999999999,10
336,34,20,5,15,8,1:35.752,1:35.386,1:37.685,95.75200000000001,95.386,3
337,34,15,7,11,9,1:36.104,1:35.715,1:37.934,96.104,95.715,8
338,34,7,5,14,10,1:36.239,1:35.478,1:38.885,96.239,95.47800000000001,12
339,34,12,4,6,11,1:36.029,1:35.722,\N,96.029,95.72200000000001,7
340,34,9,2,4,12,1:36.503,1:35.814,\N,96.503,95.814,14
341,34,10,7,12,13,1:36.210,1:35.937,\N,96.21000000000001,95.937,9
342,34,22,11,17,14,1:36.640,1:36.079,\N,96.64,96.07900000000001,15
343,34,3,3,7,15,1:36.434,1:36.210,\N,96.434,96.21000000000001,13
344,34,14,9,9,16,1:36.731,\N,\N,96.731,NA,16
345,34,6,3,8,17,1:36.863,\N,\N,96.863,NA,17
346,34,18,11,16,18,1:37.053,\N,\N,97.053,NA,18
347,34,16,10,20,19,1:37.730,\N,\N,97.72999999999999,NA,19
348,34,21,10,21,20,1:37.739,\N,\N,97.739,NA,20
349,35,13,6,2,1,1:11.830,1:11.875,1:12.368,71.83,71.875,1
350,35,15,7,11,2,1:12.226,1:12.107,1:12.737,72.226,72.107,6
351,35,8,6,1,3,1:12.083,1:11.950,1:12.825,72.083,71.95,2
352,35,1,1,22,4,1:12.213,1:11.856,1:12.830,72.213,71.856,3
353,35,5,1,23,5,1:12.366,1:11.768,1:12.917,72.366,71.768,8
354,35,4,4,5,6,1:12.214,1:12.090,1:12.967,72.214,72.09,4
355,35,20,5,15,7,1:12.390,1:11.845,1:13.082,72.39,71.845,11
356,35,2,2,3,8,1:12.371,1:12.026,1:13.297,72.371,72.026,9
357,35,7,5,14,9,1:12.498,1:12.075,1:14.105,72.498,72.075,13
358,35,10,7,12,10,1:12.223,1:11.909,1:14.230,72.223,71.909,5
359,35,12,4,6,11,1:12.348,1:12.137,\N,72.348,72.137,7
360,35,17,9,10,12,1:12.409,1:12.289,\N,72.409,72.289,12
361,35,9,2,4,13,1:12.381,1:12.300,\N,72.381,72.3,10
362,35,14,9,9,14,1:12.690,1:12.717,\N,72.69,72.717,15
363,35,22,11,17,15,1:12.548,1:13.139,\N,72.548,73.139,14
364,35,6,3,8,16,1:12.800,\N,\N,72.8,NA,16
365,35,18,11,16,17,1:12.810,\N,\N,72.81,NA,17
366,35,3,3,7,18,1:13.002,\N,\N,73.002,NA,18
367,35,21,10,21,19,1:13.426,\N,\N,73.426,NA,19
368,35,16,10,20,20,1:13.508,\N,\N,73.508,NA,20
369,36,8,6,6,1,1:26.644,1:25.644,1:26.072,86.644,85.644,1
370,36,4,1,1,2,1:26.697,1:25.326,1:26.493,86.697,85.326,4
371,36,2,2,9,3,1:26.895,1:25.358,1:26.556,86.895,85.358,6
372,36,1,1,2,4,1:26.674,1:25.577,1:26.755,86.674,85.577,2
373,36,9,2,10,5,1:26.696,1:25.882,1:27.347,86.696,85.882,3
374,36,21,4,3,6,1:27.270,1:25.944,1:27.634,87.27,85.944,10
375,36,17,9,15,7,1:26.978,1:26.623,1:27.934,86.97800000000001,86.623,7
376,36,15,7,12,8,1:27.014,1:26.688,1:28.404,87.014,86.688,9
377,36,23,7,11,9,1:27.328,1:26.739,1:28.692,87.328,86.739,11
378,36,11,8,22,10,1:27.365,1:26.758,1:28.871,87.365,86.758,12
379,36,19,8,23,11,1:26.986,1:26.909,\N,86.986,86.90899999999999,8
380,36,3,3,16,12,1:27.596,1:26.914,\N,87.596,86.914,16
381,36,5,4,4,13,1:27.529,1:26.964,\N,87.529,86.964,14
382,36,18,11,7,14,1:27.540,1:27.264,\N,87.53999999999999,87.264,15
383,36,25,3,17,15,1:27.479,1:27.393,\N,87.479,87.393,13
384,36,13,6,5,16,1:26.712,\N,\N,86.712,NA,5
385,36,22,11,8,17,1:27.679,\N,\N,87.679,NA,17
386,36,26,5,19,18,1:28.305,\N,\N,88.305,NA,18
387,36,14,9,14,19,1:28.579,\N,\N,88.57900000000001,NA,19
388,36,24,5,18,20,1:29.267,\N,\N,89.267,NA,20
389,36,16,12,20,21,1:29.339,\N,\N,89.339,NA,21
390,36,27,12,21,22,1:31.932,\N,\N,91.932,NA,22
391,37,13,6,5,1,1:35.340,1:34.454,1:35.043,95.34,94.45400000000001,5
392,37,4,1,1,2,1:34.942,1:34.057,1:35.310,94.94200000000001,94.057,1
393,37,8,6,6,3,1:35.138,1:34.687,1:35.479,95.138,94.687,3
394,37,1,1,2,4,1:35.028,1:34.650,1:36.045,95.02799999999999,94.65,2
395,37,2,2,9,5,1:35.617,1:35.203,1:36.543,95.61699999999999,95.203,6
396,37,3,3,16,6,1:35.755,1:35.380,1:36.829,95.755,95.38,11
397,37,9,2,10,7,1:35.294,1:34.739,1:36.839,95.294,94.739,4
398,37,15,7,12,8,1:35.666,1:35.255,1:36.902,95.666,95.255,7
399,37,23,7,11,9,1:35.736,1:35.595,1:37.078,95.73599999999999,95.595,10
400,37,17,9,15,10,1:35.727,1:35.579,1:37.345,95.727,95.57900000000001,8
401,37,5,4,4,11,1:36.092,1:35.630,\N,96.092,95.63,14
402,37,21,4,3,12,1:35.879,1:35.706,\N,95.87899999999999,95.706,12
403,37,14,9,14,13,1:35.730,1:35.766,\N,95.72999999999999,95.76599999999999,9
404,37,11,8,22,14,1:36.430,1:35.945,\N,96.43,95.945,16
405,37,18,11,7,15,1:35.913,1:36.088,\N,95.913,96.088,13
406,37,24,5,18,16,1:36.140,1:36.145,\N,96.14,96.14500000000001,15
407,37,26,5,19,17,1:36.578,\N,\N,96.578,NA,17
408,37,19,8,23,18,1:36.816,\N,\N,96.816,NA,18
409,37,22,11,8,19,1:36.827,\N,\N,96.827,NA,19
410,37,25,3,17,20,1:37.326,\N,\N,97.326,NA,20
411,37,27,12,21,21,1:38.279,\N,\N,98.279,NA,21
412,37,16,12,20,22,1:38.415,\N,\N,98.41499999999999,NA,22
413,38,13,6,5,1,1:32.443,1:31.359,1:32.652,92.443,91.35900000000001,1
414,38,1,1,2,2,1:32.580,1:31.752,1:32.935,92.58,91.752,2
415,38,8,6,6,3,1:33.161,1:31.812,1:33.131,93.161,91.812,4
416,38,4,1,1,4,1:33.049,1:32.214,1:33.192,93.049,92.214,3
417,38,2,2,9,5,1:33.164,1:32.154,1:33.404,93.164,92.154,5
418,38,9,2,10,6,1:33.348,1:32.292,1:33.710,93.348,92.292,8
419,38,21,4,3,7,1:33.556,1:32.889,1:34.056,93.556,92.88900000000001,12
420,38,17,9,15,8,1:33.496,1:32.808,1:34.106,93.49600000000001,92.80799999999999,11
421,38,15,7,12,9,1:33.218,1:32.429,1:34.154,93.218,92.429,6
422,38,3,3,16,10,1:33.349,1:32.815,1:34.399,93.34899999999999,92.815,9
423,38,25,3,17,11,1:33.759,1:32.915,\N,93.759,92.91499999999999,13
424,38,5,4,4,12,1:33.467,1:32.935,\N,93.467,92.935,10
425,38,19,8,23,13,1:33.299,1:33.082,\N,93.299,93.082,7
426,38,23,7,11,14,1:33.923,1:33.294,\N,93.923,93.294,15
427,38,22,11,8,15,1:33.776,1:33.624,\N,93.77600000000001,93.624,14
428,38,18,11,7,16,1:33.967,1:33.731,\N,93.967,93.731,16
429,38,11,8,22,17,1:33.984,\N,\N,93.98400000000001,NA,17
430,38,24,5,18,18,1:34.024,\N,\N,94.024,NA,18
431,38,26,5,19,19,1:34.333,\N,\N,94.333,NA,19
432,38,16,12,20,20,1:35.280,\N,\N,95.28,NA,20
433,38,14,9,14,21,1:35.341,\N,\N,95.34100000000001,NA,21
434,38,27,12,12,22,1:35.533,\N,\N,95.533,NA,22
435,39,13,6,5,1,1:21.375,1:20.597,1:21.421,81.375,80.59700000000001,2
436,39,4,1,1,2,1:21.609,1:20.797,1:21.451,81.60900000000001,80.797,3
437,39,8,6,6,3,1:21.802,1:20.741,1:21.723,81.80199999999999,80.741,6
438,39,1,1,2,4,1:21.120,1:20.713,1:21.785,81.12,80.713,1
439,39,9,2,10,5,1:21.941,1:21.381,1:22.253,81.941,81.381,7
440,39,15,7,12,6,1:22.501,1:21.554,1:22.324,82.501,81.554,13
441,39,2,2,9,7,1:21.625,1:21.113,1:22.389,81.625,81.113,4
442,39,5,4,4,8,1:21.790,1:21.623,1:22.568,81.78999999999999,81.623,5
443,39,14,9,14,9,1:22.491,1:21.488,1:22.749,82.491,81.488,12
444,39,21,4,3,10,1:22.064,1:21.677,1:22.881,82.064,81.67699999999999,9
445,39,3,3,16,11,1:21.943,1:21.968,\N,81.943,81.968,8
446,39,22,11,8,12,1:22.502,1:22.097,\N,82.502,82.09700000000001,14
447,39,11,8,22,13,1:22.090,1:22.115,\N,82.09,82.115,10
448,39,18,11,7,14,1:22.503,1:22.120,\N,82.503,82.12,15
449,39,19,8,23,15,1:22.295,\N,\N,82.295,NA,11
450,39,24,5,18,16,1:22.508,\N,\N,82.508,NA,16
451,39,23,7,11,17,1:22.666,\N,\N,82.666,NA,17
452,39,25,3,17,18,1:22.769,\N,\N,82.769,NA,18
453,39,17,9,15,19,1:23.398,\N,\N,83.398,NA,19
454,39,16,12,20,20,1:23.811,\N,\N,83.811,NA,20
455,39,27,12,21,21,1:23.990,\N,\N,83.99,NA,21
457,40,4,1,1,1,1:16.059,1:15.431,1:15.726,76.059,75.431,2
458,40,1,1,2,2,1:15.685,1:15.479,1:15.905,75.685,75.479,1
459,40,13,6,5,3,1:16.786,1:16.034,1:15.967,76.786,76.03399999999999,5
460,40,21,4,3,4,1:17.596,1:16.054,1:16.285,77.596,76.054,12
461,40,3,3,16,5,1:16.870,1:16.100,1:16.439,76.87,76.1,6
462,40,17,9,15,6,1:17.816,1:16.420,1:16.784,77.816,76.42,14
463,40,2,2,9,7,1:17.385,1:15.733,1:16.832,77.385,75.733,10
464,40,9,2,10,8,1:17.584,1:15.576,1:16.955,77.584,75.576,11
465,40,22,11,8,9,1:17.244,1:16.454,1:17.498,77.244,76.45400000000001,8
466,40,18,11,7,10,1:17.297,1:16.457,1:17.939,77.297,76.457,9
467,40,25,3,17,11,1:17.874,1:16.662,\N,77.874,76.662,16
468,40,24,5,18,12,1:16.720,1:16.703,\N,76.72,76.703,4
469,40,14,9,14,13,1:17.204,1:16.319,\N,77.20400000000001,76.319,7
470,40,15,7,12,14,1:17.686,1:16.988,\N,77.686,76.988,13
471,40,5,4,4,15,1:17.836,1:17.125,\N,77.836,77.125,15
472,40,8,6,6,16,1:16.251,\N,\N,76.251,NA,3
473,40,19,8,23,17,1:18.250,\N,\N,78.25,NA,17
474,40,26,5,19,18,1:18.390,\N,\N,78.39,NA,18
475,40,16,12,20,19,1:18.418,\N,\N,78.418,NA,19
476,40,23,7,11,20,1:18.539,\N,\N,78.539,NA,20
477,40,11,8,22,21,1:18.554,\N,\N,78.554,NA,21
479,41,1,1,2,1,1:16.576,1:15.486,1:15.707,76.576,75.486,3
480,41,4,1,1,2,1:16.562,1:15.522,1:16.163,76.562,75.522,2
481,41,2,2,9,3,1:17.006,1:15.960,1:16.266,77.006,75.96000000000001,6
482,41,8,6,6,4,1:16.468,1:16.592,1:16.411,76.468,76.592,1
483,41,13,6,5,5,1:16.756,1:16.138,1:16.570,76.756,76.138,4
484,41,17,9,15,6,1:17.315,1:16.257,1:16.913,77.315,76.257,10
485,41,3,3,16,7,1:17.016,1:16.190,1:16.919,77.01599999999999,76.19,8
486,41,9,2,10,8,1:17.267,1:16.368,1:16.993,77.267,76.368,9
487,41,21,4,3,9,1:16.805,1:16.288,1:17.229,76.805,76.288,5
488,41,15,7,12,10,1:17.324,1:16.600,1:17.747,77.324,76.6,11
489,41,11,8,22,11,1:17.490,1:16.743,\N,77.49,76.743,14
490,41,24,5,18,12,1:17.541,1:16.760,\N,77.541,76.76,16
491,41,22,11,8,13,1:17.011,1:17.116,\N,77.011,77.116,7
492,41,14,9,14,14,1:17.436,1:17.304,\N,77.436,77.304,13
493,41,18,11,7,15,1:17.522,1:17.541,\N,77.52199999999999,77.541,15
494,41,26,5,19,16,1:17.433,1:17.571,\N,77.43299999999999,77.571,12
495,41,19,8,23,17,1:17.542,\N,\N,77.542,NA,17
496,41,23,7,11,18,1:17.634,\N,\N,77.634,NA,18
497,41,25,3,17,19,1:18.089,\N,\N,78.089,NA,20
498,41,16,12,20,20,1:18.536,\N,\N,78.536,NA,21
499,41,27,12,21,21,1:19.196,\N,\N,79.196,NA,22
500,41,5,4,4,22,1:17.806,\N,\N,77.806,NA,19
501,42,1,1,2,1,1:12.563,1:12.065,1:12.331,72.563,72.065,3
502,42,4,1,1,2,1:12.416,1:11.926,1:12.500,72.416,71.926,1
503,42,13,6,5,3,1:12.731,1:12.180,1:12.703,72.731,72.18,5
504,42,8,6,6,4,1:12.732,1:12.111,1:12.839,72.732,72.111,6
505,42,2,2,9,5,1:12.543,1:12.188,1:12.847,72.543,72.188,2
506,42,5,4,4,6,1:12.998,1:12.599,1:13.308,72.998,72.599,8
507,42,20,2,10,7,1:12.711,1:12.644,1:13.513,72.711,72.644,4
508,42,15,7,12,8,1:13.186,1:12.828,1:13.789,73.186,72.828,12
509,42,17,9,15,9,1:13.425,1:12.788,1:13.871,73.425,72.788,16
510,42,21,4,3,10,1:13.168,1:12.603,1:13.953,73.168,72.603,11
511,42,14,9,14,11,1:13.424,1:12.873,\N,73.424,72.873,15
512,42,23,7,11,12,1:12.851,1:12.920,\N,72.851,72.92,7
513,42,18,11,7,13,1:13.306,1:12.998,\N,73.306,72.998,14
514,42,3,3,16,14,1:13.128,1:13.060,\N,73.128,73.06,9
515,42,22,11,8,15,1:13.203,1:13.201,\N,73.203,73.201,13
516,42,19,8,23,16,1:13.164,1:13.259,\N,73.164,73.259,10
517,42,25,3,17,17,1:13.441,\N,\N,73.441,NA,17
518,42,11,8,22,18,1:13.477,\N,\N,73.477,NA,18
519,42,24,5,18,19,1:13.484,\N,\N,73.484,NA,19
520,42,26,5,19,20,1:13.712,\N,\N,73.712,NA,20
521,42,16,12,20,21,1:14.122,\N,\N,74.122,NA,21
522,42,27,12,21,22,1:14.597,\N,\N,74.597,NA,22
523,43,13,6,5,1,1:15.303,1:14.822,1:15.034,75.303,74.822,3
524,43,1,1,2,2,1:14.805,1:14.795,1:15.104,74.805,74.795,1
525,43,8,6,6,3,1:14.872,1:14.828,1:15.257,74.872,74.828,2
526,43,9,2,10,4,1:15.778,1:15.066,1:15.493,75.778,75.066,8
527,43,21,4,3,5,1:16.047,1:15.227,1:15.674,76.047,75.227,12
528,43,5,4,4,6,1:15.524,1:15.272,1:15.826,75.524,75.272,5
529,43,2,2,9,7,1:15.783,1:15.149,1:15.900,75.783,75.149,9
530,43,15,7,12,8,1:16.118,1:15.379,1:15.935,76.118,75.379,15
531,43,3,3,16,9,1:16.092,1:15.331,1:16.328,76.092,75.331,13
532,43,4,1,1,10,1:15.322,1:15.084,\N,75.322,75.084,4
533,43,23,7,11,11,1:15.760,1:15.534,\N,75.76,75.534,7
534,43,18,11,7,12,1:16.113,1:15.584,\N,76.113,75.584,14
535,43,22,11,8,13,1:16.140,1:15.761,\N,76.14,75.761,16
536,43,17,9,15,14,1:15.746,1:15.806,\N,75.746,75.806,6
537,43,26,5,19,15,1:15.980,1:16.049,\N,75.98,76.049,11
538,43,14,9,14,16,1:15.915,\N,\N,75.91499999999999,NA,10
539,43,24,5,18,17,1:16.142,\N,\N,76.142,NA,17
540,43,25,3,17,18,1:16.241,\N,\N,76.241,NA,18
541,43,19,8,23,19,1:16.366,\N,\N,76.366,NA,20
542,43,27,12,21,20,1:17.826,\N,\N,77.826,NA,21
543,43,16,12,20,21,1:17.915,\N,\N,77.91499999999999,NA,22
544,43,11,8,22,22,1:16.244,\N,\N,76.244,NA,19
545,44,1,1,2,1,1:19.885,1:19.400,1:19.997,79.885,79.4,4
546,44,8,6,6,2,1:19.753,1:19.252,1:20.099,79.753,79.252,2
547,44,4,1,1,3,1:19.330,1:19.152,1:20.147,79.33,79.152,1
548,44,13,6,5,4,1:19.790,1:19.421,1:20.265,79.78999999999999,79.42099999999999,3
549,44,9,2,10,5,1:20.294,1:20.054,1:20.401,80.294,80.054,5
550,44,23,7,11,6,1:20.513,1:19.860,1:20.516,80.513,79.86,6
551,44,5,4,4,7,1:20.570,1:20.077,1:20.721,80.57,80.077,8
552,44,21,4,3,8,1:20.842,1:20.042,1:20.775,80.842,80.042,12
553,44,2,2,9,9,1:20.534,1:20.178,1:20.894,80.53399999999999,80.178,7
554,44,15,7,12,10,1:21.150,1:20.133,1:21.240,81.15,80.133,13
555,44,17,9,15,11,1:20.583,1:20.235,\N,80.583,80.235,9
556,44,14,9,14,12,1:21.154,1:20.329,\N,81.154,80.32900000000001,14
557,44,25,3,17,13,1:20.830,1:20.350,\N,80.83,80.35,10
558,44,22,11,8,14,1:21.169,1:20.364,\N,81.169,80.364,16
559,44,26,5,19,15,1:20.834,1:20.515,\N,80.834,80.515,11
560,44,24,5,18,16,1:21.160,1:20.823,\N,81.16,80.82300000000001,15
561,44,3,3,16,17,1:21.219,\N,\N,81.219,NA,17
562,44,18,11,7,18,1:21.335,\N,\N,81.33500000000001,NA,18
563,44,19,8,23,19,1:21.448,\N,\N,81.44800000000001,NA,19
564,44,16,12,20,20,1:22.019,\N,\N,82.019,NA,20
565,44,11,8,22,21,1:22.045,\N,\N,82.045,NA,21
566,44,27,12,21,22,1:22.586,\N,\N,82.586,NA,22
567,45,8,6,6,1,1:31.522,1:31.237,1:31.450,91.52199999999999,91.237,3
568,45,4,1,1,2,1:31.074,1:30.983,1:31.741,91.074,90.983,1
569,45,13,6,5,3,1:31.447,1:30.912,1:31.778,91.447,90.912,2
570,45,2,2,9,4,1:31.889,1:31.652,1:31.840,91.889,91.652,5
571,45,9,2,10,5,1:31.961,1:31.444,1:32.123,91.961,91.444,6
572,45,17,9,15,6,1:32.629,1:31.661,1:32.476,92.62899999999999,91.661,13
573,45,5,4,4,7,1:32.594,1:31.783,1:32.478,92.594,91.783,12
574,45,15,7,12,8,1:32.381,1:31.859,1:32.501,92.381,91.85900000000001,10
575,45,23,7,11,9,1:32.446,1:31.843,1:32.570,92.446,91.843,11
576,45,1,1,2,10,1:31.587,1:31.185,1:33.833,91.587,91.185,4
577,45,3,3,16,11,1:32.117,1:31.978,\N,92.11699999999999,91.97800000000001,7
578,45,25,3,17,12,1:32.173,1:31.996,\N,92.173,91.996,8
579,45,21,4,3,13,1:32.378,1:32.010,\N,92.378,92.00999999999999,9
580,45,22,11,8,14,1:32.674,1:32.221,\N,92.674,92.221,14
581,45,19,8,23,15,1:32.793,1:32.451,\N,92.793,92.451,16
582,45,11,8,22,16,1:32.678,1:32.838,\N,92.678,92.838,15
583,45,18,11,7,17,1:32.983,\N,\N,92.983,NA,17
584,45,26,5,19,18,1:33.038,\N,\N,93.038,NA,18
585,45,24,5,18,19,1:33.148,\N,\N,93.148,NA,19
586,45,14,9,14,20,1:33.151,\N,\N,93.15100000000001,NA,20
587,45,16,12,20,21,1:34.500,\N,\N,94.5,NA,21
588,45,28,12,21,22,1:35.940,\N,\N,95.94,NA,22
589,46,4,1,1,1,1:20.425,1:19.661,1:19.674,80.425,79.661,5
590,46,1,1,2,2,1:19.570,1:19.301,1:19.781,79.57,79.301,1
591,46,2,2,9,3,1:20.751,1:20.322,1:20.259,80.751,80.322,10
592,46,8,6,6,4,1:20.435,1:20.107,1:20.410,80.435,80.107,6
593,46,3,3,16,5,1:20.547,1:20.188,1:20.632,80.547,80.188,9
594,46,23,7,11,6,1:20.449,1:20.455,1:20.714,80.449,80.455,7
595,46,9,2,10,7,1:20.366,1:20.703,1:20.876,80.366,80.703,3
596,46,21,4,3,8,1:21.645,1:20.590,1:21.079,81.645,80.59,15
597,46,15,7,12,9,1:20.481,1:19.951,1:21.206,80.481,79.951,8
598,46,17,9,15,10,1:20.794,1:20.439,1:21.256,80.794,80.439,11
599,46,14,9,14,11,1:21.291,1:20.718,\N,81.291,80.718,14
600,46,5,4,4,12,1:20.285,1:20.779,\N,80.285,80.779,2
601,46,25,3,17,13,1:21.243,1:20.865,\N,81.243,80.865,13
602,46,13,6,5,14,1:20.408,1:21.021,\N,80.408,81.021,4
603,46,19,8,23,15,1:21.018,1:21.127,\N,81.018,81.127,12
604,46,24,5,18,16,1:21.730,1:21.993,\N,81.73,81.993,16
605,46,18,11,7,17,1:21.737,\N,\N,81.737,NA,17
606,46,22,11,8,18,1:21.877,\N,\N,81.877,NA,18
607,46,11,8,22,19,1:22.143,\N,\N,82.143,NA,19
608,46,20,5,19,20,1:22.177,\N,\N,82.17699999999999,NA,20
609,46,16,12,20,21,1:22.737,\N,\N,82.737,NA,21
610,46,29,12,21,22,1:23.774,\N,\N,83.774,NA,22
611,47,13,6,5,1,1:27.488,1:27.039,1:27.329,87.488,87.039,3
612,47,1,1,2,2,1:27.513,1:26.936,1:27.373,87.513,86.936,4
613,47,8,6,6,3,1:27.294,1:26.902,1:27.546,87.294,86.902,1
614,47,4,1,1,4,1:27.328,1:26.841,1:27.574,87.328,86.84100000000001,2
615,47,9,2,10,5,1:27.997,1:27.253,1:27.722,87.997,87.253,5
616,47,2,2,9,6,1:28.099,1:27.253,1:28.037,88.099,87.253,6
617,47,5,4,4,7,1:28.127,1:27.039,1:28.491,88.127,87.039,7
618,47,3,3,16,8,1:28.275,1:27.750,1:28.501,88.275,87.75,8
619,47,15,7,12,9,1:28.318,1:27.801,1:28.740,88.318,87.801,11
620,47,21,4,3,10,1:28.313,1:27.880,1:29.322,88.313,87.88,10
621,47,19,8,23,11,1:28.304,1:28.002,\N,88.304,88.002,9
622,47,17,9,15,12,1:28.500,1:28.013,\N,88.5,88.013,15
623,47,14,9,14,13,1:28.395,1:28.100,\N,88.395,88.1,14
624,47,25,3,17,14,1:28.360,1:28.390,\N,88.36,88.39,12
625,47,24,5,18,15,1:28.798,\N,\N,88.798,NA,17
626,47,23,7,11,16,1:28.809,\N,\N,88.809,NA,18
627,47,11,8,22,17,1:28.953,\N,\N,88.953,NA,19
628,47,20,5,19,18,1:29.408,\N,\N,89.408,NA,20
629,47,16,12,20,19,1:29.861,\N,\N,89.861,NA,21
630,47,29,12,21,20,1:31.479,\N,\N,91.479,NA,22
631,47,18,11,7,21,1:28.373,1:28.220,\N,88.373,88.22,13
632,47,22,11,8,22,1:28.792,1:28.188,\N,88.792,88.188,16
633,48,4,1,1,1,1:21.718,1:21.356,1:21.997,81.718,81.356,1
634,48,1,1,2,2,1:21.956,1:21.746,1:22.034,81.956,81.746,2
635,48,13,6,5,3,1:22.309,1:21.993,1:22.549,82.309,81.993,3
636,48,2,2,9,4,1:23.107,1:22.466,1:23.174,83.107,82.46600000000001,6
637,48,8,6,6,5,1:22.673,1:22.369,1:23.183,82.673,82.369,4
638,48,9,2,10,6,1:23.088,1:22.400,1:23.446,83.088,82.4,5
639,48,5,4,4,7,1:23.505,1:23.134,1:24.102,83.505,83.134,9
640,48,3,3,16,8,1:23.333,1:22.748,1:24.382,83.333,82.748,7
641,48,15,7,12,9,1:23.724,1:23.107,1:24.555,83.724,83.107,15
642,48,18,11,7,10,1:23.639,1:23.021,1:25.165,83.639,83.021,13
643,48,17,9,15,11,1:23.575,1:23.166,\N,83.575,83.166,11
644,48,22,11,8,12,1:23.474,1:23.176,\N,83.474,83.176,8
645,48,25,3,17,13,1:23.739,1:23.209,\N,83.739,83.209,16
646,48,19,8,23,14,1:23.646,1:23.274,\N,83.646,83.274,14
647,48,21,4,3,15,1:23.559,1:23.325,\N,83.559,83.325,10
648,48,20,5,19,16,1:23.578,1:23.351,\N,83.578,83.351,12
649,48,11,8,22,17,1:23.749,\N,\N,83.749,NA,17
650,48,23,7,11,18,1:23.787,\N,\N,83.787,NA,18
651,48,24,5,18,19,1:23.886,\N,\N,83.886,NA,19
652,48,14,9,14,20,1:24.019,\N,\N,84.019,NA,20
653,48,16,12,20,21,1:24.699,\N,\N,84.699,NA,21
654,48,29,12,21,22,1:25.084,\N,\N,85.084,NA,22
655,49,8,6,6,1,1:46.242,1:45.070,1:45.994,106.24199999999999,105.07,3
656,49,13,6,5,2,1:46.060,1:45.173,1:46.011,106.06,105.173,2
657,49,4,1,1,3,1:46.058,1:45.442,1:46.091,106.05799999999999,105.44200000000001,1
658,49,1,1,2,4,1:46.437,1:45.132,1:46.406,106.437,105.132,4
659,49,3,3,16,5,1:46.950,1:46.469,1:47.334,106.95,106.469,7
660,49,2,2,9,6,1:46.923,1:45.994,1:47.409,106.923,105.994,6
661,49,17,9,15,7,1:47.084,1:46.426,1:47.524,107.084,106.426,9
662,49,15,7,12,8,1:47.143,1:46.480,1:47.798,107.143,106.47999999999999,10
663,49,5,4,4,9,1:46.971,1:46.240,1:48.505,106.971,106.24000000000001,8
664,49,23,7,11,10,1:47.300,1:46.618,\N,107.3,106.618,12
665,49,14,9,14,11,1:47.340,1:46.800,\N,107.34,106.8,13
666,49,18,11,7,12,1:47.474,1:46.955,\N,107.47399999999999,106.955,14
667,49,24,5,18,13,1:47.576,1:47.115,\N,107.576,107.11500000000001,16
668,49,9,2,10,14,1:46.707,1:45.885,1:46.996,106.707,105.88499999999999,5
669,49,25,3,17,15,1:47.522,1:47.394,\N,107.52199999999999,107.394,15
670,49,20,5,19,16,1:47.581,\N,\N,107.581,NA,17
671,49,22,11,8,17,1:47.954,\N,\N,107.95400000000001,NA,18
672,49,11,8,22,18,1:47.980,\N,\N,107.97999999999999,NA,19
673,49,16,12,20,19,1:48.044,\N,\N,108.044,NA,20
674,49,19,8,23,20,1:48.199,\N,\N,108.199,NA,21
675,49,29,12,21,21,1:49.557,\N,\N,109.557,NA,22
676,49,21,4,3,22,1:47.143,1:46.603,\N,107.143,106.60300000000001,10
677,50,1,1,2,1,1:25.489,1:24.753,1:25.368,85.489,84.753,4
678,50,4,1,1,2,1:25.379,1:24.806,1:25.438,85.379,84.806,2
679,50,8,6,6,3,1:25.390,1:24.988,1:25.516,85.39,84.988,3
680,50,13,6,5,4,1:25.359,1:25.049,1:25.765,85.35900000000001,85.049,1
681,50,2,2,9,5,1:25.971,1:25.248,1:26.505,85.971,85.248,6
682,50,18,11,7,6,1:26.614,1:25.454,1:26.913,86.614,85.45400000000001,10
683,50,17,9,15,7,1:25.970,1:25.535,1:26.914,85.97,85.535,5
684,50,20,5,19,8,1:26.025,1:25.909,1:26.973,86.025,85.90899999999999,7
685,50,9,2,10,9,1:26.300,1:25.530,1:27.225,86.3,85.53,8
686,50,21,4,3,10,1:26.909,1:26.033,\N,86.90899999999999,86.033,13
687,50,5,4,4,11,1:27.223,1:26.232,\N,87.223,86.232,15
688,50,14,9,14,12,1:26.904,1:26.247,\N,86.904,86.247,12
689,50,15,7,12,13,1:26.711,1:26.253,\N,86.711,86.253,11
690,50,24,5,18,14,1:27.234,1:26.948,\N,87.23400000000001,86.94800000000001,16
691,50,23,7,11,15,1:27.191,\N,\N,87.191,NA,14
692,50,3,3,16,16,1:26.579,1:25.816,1:26.728,86.57900000000001,85.816,9
693,50,22,11,8,17,1:27.323,\N,\N,87.32300000000001,NA,17
694,50,25,3,17,18,1:27.454,\N,\N,87.45400000000001,NA,18
695,50,19,8,23,19,1:27.564,\N,\N,87.564,NA,19
696,50,16,12,20,20,1:28.628,\N,\N,88.628,NA,20
697,50,11,8,22,21,1:28.762,\N,\N,88.762,NA,21
698,50,29,12,21,22,1:29.668,\N,\N,89.668,NA,22
699,51,1,1,2,1,1:35.798,1:35.898,1:35.908,95.798,95.898,3
700,51,8,6,6,2,1:35.692,1:35.381,1:36.044,95.69200000000001,95.381,1
701,51,13,6,5,3,1:35.792,1:35.796,1:36.221,95.792,95.79599999999999,2
702,51,4,1,1,4,1:35.809,1:35.845,1:36.576,95.809,95.845,4
703,51,14,9,14,5,1:36.930,1:36.252,1:37.619,96.93,96.25200000000001,7
704,51,23,7,11,6,1:37.135,1:36.709,1:38.013,97.13499999999999,96.709,11
705,51,17,9,15,7,1:37.199,1:36.602,1:38.153,97.199,96.602,13
706,51,2,2,9,8,1:36.737,1:36.217,1:38.455,96.737,96.217,6
707,51,9,2,10,9,1:36.309,1:36.116,1:38.472,96.309,96.116,5
708,51,18,11,7,10,1:37.092,1:36.771,1:39.285,97.092,96.771,10
709,51,24,5,18,11,1:37.047,1:36.862,\N,97.047,96.862,9
710,51,15,7,12,12,1:37.209,1:36.959,\N,97.209,96.959,15
711,51,5,4,4,13,1:37.225,1:36.991,\N,97.225,96.991,16
712,51,19,8,23,14,1:37.203,1:37.247,\N,97.203,97.247,14
713,51,3,3,16,15,1:37.144,1:37.483,\N,97.144,97.483,12
714,51,22,11,8,16,1:37.251,\N,\N,97.251,NA,17
715,51,20,5,19,17,1:37.006,1:36.891,\N,97.006,96.89099999999999,8
716,51,21,4,3,18,1:37.290,\N,\N,97.28999999999999,NA,18
717,51,25,3,17,19,1:37.456,\N,\N,97.456,NA,19
718,51,11,8,22,20,1:38.218,\N,\N,98.218,NA,20
719,51,16,12,20,21,1:38.668,\N,\N,98.668,NA,21
720,51,29,12,21,22,1:39.336,\N,\N,99.336,NA,22
721,52,13,6,5,1,1:12.303,1:12.374,1:11.931,72.303,72.374,1
722,52,1,1,2,2,1:13.033,1:12.296,1:12.082,73.033,72.29599999999999,4
723,52,8,6,6,3,1:13.016,1:12.161,1:12.322,73.016,72.161,3
724,52,4,1,1,4,1:12.895,1:12.637,1:12.356,72.895,72.637,2
725,52,17,9,15,5,1:13.081,1:12.683,1:12.928,73.081,72.68299999999999,5
726,52,2,2,9,6,1:13.472,1:12.888,1:13.081,73.472,72.888,9
727,52,9,2,10,7,1:13.085,1:12.641,1:13.129,73.08500000000001,72.641,6
728,52,15,7,12,8,1:13.470,1:12.832,1:13.195,73.47,72.832,8
729,52,14,9,14,9,1:13.264,1:12.846,1:13.272,73.264,72.846,7
730,52,3,3,16,10,1:13.707,1:12.752,1:13.477,73.707,72.752,13
731,52,22,11,8,11,1:13.661,1:12.932,\N,73.661,72.932,12
732,52,21,4,3,12,1:13.482,1:12.968,\N,73.482,72.968,10
733,52,20,5,19,13,1:13.853,1:13.058,\N,73.853,73.05799999999999,15
734,52,24,5,18,14,1:13.607,1:13.251,\N,73.607,73.251,11
735,52,23,7,11,15,1:13.767,1:13.315,\N,73.767,73.315,14
736,52,18,11,7,16,1:14.054,1:13.469,\N,74.054,73.469,16
737,52,5,4,4,17,1:14.078,\N,\N,74.078,NA,17
738,52,11,8,22,18,1:14.098,\N,\N,74.098,NA,18
739,52,6,3,17,19,1:14.417,\N,\N,74.417,NA,19
740,52,19,8,23,20,1:14.596,\N,\N,74.596,NA,20
741,52,16,12,20,21,1:15.217,\N,\N,75.217,NA,21
742,52,29,12,21,22,1:15.487,\N,\N,75.487,NA,22
743,53,30,6,5,1,1:33.310,1:32.025,1:31.431,93.31,92.025,6
744,53,13,6,6,2,1:33.579,1:32.014,1:31.478,93.57900000000001,92.01400000000001,9
745,53,18,11,12,3,1:32.603,1:32.025,1:31.549,92.60300000000001,92.025,2
746,53,4,4,1,4,1:32.433,1:31.215,1:31.702,92.43299999999999,91.215,1
747,53,31,1,4,5,1:33.233,1:31.487,1:32.164,93.233,91.487,5
748,53,22,11,11,6,1:33.922,1:32.322,1:32.579,93.922,92.322,12
749,53,17,3,9,7,1:33.454,1:32.309,1:33.006,93.45400000000001,92.309,8
750,53,32,9,15,8,1:34.308,1:32.106,1:33.112,94.30799999999999,92.106,15
751,53,21,4,2,9,1:32.934,1:31.831,1:33.496,92.934,91.831,3
752,53,2,2,16,10,1:33.374,1:31.958,1:33.926,93.374,91.958,7
753,53,35,2,17,11,1:33.882,1:32.456,\N,93.882,92.456,11
754,53,3,3,10,12,1:32.945,1:32.620,\N,92.945,92.62,4
755,53,14,9,14,13,1:33.678,1:32.850,\N,93.678,92.85,10
756,53,15,7,8,14,1:33.987,1:33.066,\N,93.987,93.066,13
757,53,24,5,20,15,1:34.439,1:33.416,\N,94.439,93.416,16
758,53,26,5,21,16,1:33.995,1:34.606,\N,93.995,94.606,14
759,53,23,7,7,17,1:34.702,\N,\N,94.702,NA,17
760,53,27,13,19,18,1:35.724,\N,\N,95.72399999999999,NA,18
761,53,33,13,18,19,1:35.900,\N,\N,95.9,NA,19
762,53,11,8,22,20,1:37.411,\N,\N,97.411,NA,20
763,53,34,8,23,21,1:40.270,\N,\N,100.27000000000001,NA,21
765,54,21,4,2,1,1:35.488,1:33.623,1:33.840,95.488,93.62299999999999,11
766,54,18,11,12,2,1:35.023,1:33.527,1:33.986,95.023,93.527,4
767,54,3,3,10,3,1:35.105,1:34.563,1:34.626,95.10499999999999,94.563,6
768,54,30,6,5,4,1:35.810,1:34.574,1:34.668,95.81,94.574,16
769,54,17,3,9,5,1:35.252,1:34.279,1:34.672,95.25200000000001,94.279,9
770,54,31,1,4,6,1:34.536,1:34.568,1:34.916,94.536,94.568,1
771,54,8,1,3,7,1:34.667,1:34.351,1:34.983,94.667,94.351,2
772,54,4,4,1,8,1:35.514,1:33.997,1:35.747,95.51400000000001,93.997,12
773,54,32,9,15,9,1:35.171,1:34.537,1:38.715,95.17099999999999,94.537,7
774,54,23,7,7,10,1:35.214,1:34.586,\N,95.214,94.586,8
775,54,14,9,14,11,1:34.839,1:34.614,\N,94.839,94.614,3
776,54,22,11,11,12,1:35.526,1:34.683,\N,95.52600000000001,94.68299999999999,14
777,54,15,7,8,13,1:35.517,1:34.702,\N,95.517,94.702,13
778,54,35,2,17,14,1:35.391,1:34.752,\N,95.39099999999999,94.75200000000001,10
779,54,2,2,16,15,1:35.588,1:34.783,\N,95.588,94.783,15
780,54,13,6,6,16,1:35.091,\N,\N,95.09100000000001,NA,5
781,54,26,5,21,17,1:36.297,\N,\N,96.297,NA,17
782,54,24,5,20,18,1:36.581,\N,\N,96.581,NA,18
783,54,27,13,19,19,1:37.426,\N,\N,97.426,NA,19
784,54,33,13,18,20,1:37.819,\N,\N,97.819,NA,20
785,54,11,8,22,21,1:39.011,\N,\N,99.011,NA,21
786,54,34,8,23,22,1:40.720,\N,\N,100.72,NA,22
787,55,18,11,12,1,1:28.081,1:26.337,1:25.229,88.081,86.337,8
788,55,21,4,2,2,1:27.765,1:26.196,1:25.635,87.765,86.196,5
789,55,4,4,1,3,1:28.569,1:25.729,1:25.778,88.569,85.729,13
790,55,8,1,3,4,1:27.193,1:26.161,1:25.822,87.193,86.161,2
791,55,31,1,4,5,1:27.079,1:25.902,1:25.976,87.07900000000001,85.902,1
792,55,23,7,7,6,1:28.007,1:26.596,1:26.612,88.007,86.596,7
793,55,17,3,9,7,1:27.669,1:26.075,1:26.937,87.669,86.075,3
794,55,2,2,16,8,1:27.796,1:26.014,1:27.579,87.79599999999999,86.014,6
795,55,35,2,17,9,1:28.460,1:26.714,1:29.239,88.46000000000001,86.714,12
796,55,15,7,8,10,1:27.748,1:26.327,\N,87.748,86.327,4
797,55,30,6,5,11,1:28.228,1:26.718,\N,88.22800000000001,86.718,9
798,55,14,9,14,12,1:28.408,1:27.023,\N,88.408,87.023,11
799,55,24,5,20,13,1:28.999,1:27.219,\N,88.999,87.219,16
800,55,32,9,15,14,1:28.757,1:27.591,\N,88.757,87.59100000000001,14
801,55,3,3,10,15,1:28.351,1:29.422,\N,88.351,89.422,10
802,55,13,6,6,16,1:28.868,\N,\N,88.868,NA,15
803,55,22,11,11,17,1:29.943,\N,\N,89.943,NA,17
804,55,27,13,19,18,1:30.226,\N,\N,90.226,NA,18
805,55,26,5,21,19,1:30.426,\N,\N,90.426,NA,19
806,55,33,13,18,20,1:30.709,\N,\N,90.709,NA,20
807,55,11,8,22,21,1:32.279,\N,\N,92.279,NA,21
808,55,34,8,23,22,1:36.164,\N,\N,96.164,NA,22
809,56,30,6,5,1,1:24.598,1:22.579,1:22.795,84.598,82.57900000000001,8
810,56,18,11,12,2,1:24.480,1:23.749,1:22.988,84.48,83.749,6
811,56,22,11,11,3,1:24.727,1:23.760,1:23.242,84.727,83.76,9
812,56,13,6,6,4,1:24.884,1:23.595,1:23.702,84.884,83.595,12
813,56,4,4,1,5,1:23.536,1:23.743,1:23.709,83.536,83.743,1
814,56,23,7,7,6,1:24.370,1:23.565,1:23.772,84.37,83.565,3
815,56,31,1,4,7,1:24.960,1:23.760,1:24.021,84.96000000000001,83.76,13
816,56,8,1,3,8,1:24.259,1:23.190,1:24.158,84.259,83.19,2
817,56,15,7,8,9,1:24.446,1:23.727,1:24.172,84.446,83.727,5
818,56,17,3,9,10,1:24.992,1:23.718,1:24.795,84.992,83.718,14
819,56,21,4,2,11,1:24.434,1:23.771,\N,84.434,83.771,4
820,56,35,2,17,12,1:25.081,1:23.887,\N,85.081,83.887,15
821,56,3,3,10,13,1:24.495,1:23.966,\N,84.495,83.96600000000001,7
822,56,14,9,14,14,1:24.849,1:24.101,\N,84.849,84.101,10
823,56,2,2,16,15,1:25.410,1:24.129,\N,85.41,84.129,16
824,56,24,5,20,16,1:24.879,1:24.520,\N,84.879,84.52,11
825,56,32,9,15,17,1:25.410,\N,\N,85.41,NA,16
826,56,26,5,21,18,1:25.437,\N,\N,85.437,NA,18
827,56,33,13,18,19,1:26.820,\N,\N,86.82,NA,19
828,56,27,13,19,20,1:27.088,\N,\N,87.088,NA,20
829,56,11,8,22,21,1:27.609,\N,\N,87.60900000000001,NA,21
830,56,34,8,23,22,1:29.282,\N,\N,89.282,NA,22
831,57,4,4,1,1,1:31.138,1:30.336,1:29.816,91.138,90.336,1
832,57,30,6,5,2,1:31.235,1:30.013,1:30.028,91.235,90.013,2
833,57,13,6,6,3,1:31.921,1:30.732,1:30.407,91.92099999999999,90.732,14
834,57,22,11,11,4,1:31.671,1:30.469,1:30.754,91.67099999999999,90.469,9
835,57,8,1,3,5,1:31.263,1:30.203,1:30.933,91.263,90.203,3
836,57,18,11,12,6,1:31.420,1:30.755,1:30.940,91.42,90.755,4
837,57,15,7,8,7,1:31.809,1:30.733,1:31.419,91.809,90.733,13
838,57,35,2,17,8,1:31.545,1:30.865,1:31.542,91.545,90.865,7
839,57,31,1,4,9,1:31.774,1:30.671,1:31.880,91.774,90.67099999999999,12
840,57,17,3,9,10,1:31.712,1:30.892,1:33.405,91.712,90.892,10
841,57,23,7,7,11,1:31.470,1:30.944,\N,91.47,90.944,6
842,57,3,3,10,12,1:32.053,1:31.194,\N,92.053,91.194,15
843,57,21,4,2,13,1:31.574,1:31.197,\N,91.574,91.197,8
844,57,14,9,14,14,1:31.742,1:31.227,\N,91.742,91.227,11
845,57,2,2,16,15,1:31.457,1:31.422,\N,91.457,91.422,5
846,57,24,5,20,16,1:32.651,1:31.728,\N,92.65100000000001,91.72800000000001,16
847,57,32,9,15,17,1:32.901,\N,\N,92.90100000000001,NA,17
848,57,27,13,19,18,1:32.936,\N,\N,92.936,NA,18
849,57,26,5,21,19,1:32.992,\N,\N,92.99199999999999,NA,19
850,57,33,13,18,20,1:33.658,\N,\N,93.658,NA,20
851,57,11,8,22,21,1:35.239,\N,\N,95.239,NA,21
852,57,36,8,23,22,1:46.505,\N,\N,106.505,NA,22
853,58,4,4,1,1,1:15.816,1:15.124,1:14.648,75.816,75.124,1
854,58,21,4,2,2,1:16.046,1:14.766,1:14.709,76.04599999999999,74.766,2
855,58,30,6,5,3,1:16.049,1:14.637,1:14.970,76.049,74.637,3
856,58,13,6,6,4,1:16.359,1:15.245,1:15.442,76.35900000000001,75.245,11
857,58,22,11,11,5,1:16.266,1:15.258,1:15.885,76.26599999999999,75.258,9
858,58,23,7,7,6,1:16.234,1:15.164,1:15.885,76.23400000000001,75.164,8
859,58,15,7,8,7,1:16.174,1:15.068,1:15.976,76.174,75.068,6
860,58,18,11,12,8,1:16.054,1:15.150,1:16.008,76.054,75.15,4
861,58,8,1,3,9,1:16.613,1:15.422,1:16.015,76.613,75.422,12
862,58,2,2,16,10,1:16.322,1:15.468,1:17.144,76.322,75.468,10
863,58,17,3,9,11,1:16.685,1:15.502,\N,76.685,75.502,14
864,58,31,1,4,12,1:16.195,1:15.801,\N,76.195,75.801,7
865,58,3,3,10,13,1:17.213,1:15.804,\N,77.213,75.804,16
866,58,35,2,17,14,1:16.066,1:15.847,\N,76.066,75.847,5
867,58,32,9,15,15,1:16.627,1:15.928,\N,76.627,75.928,13
868,58,24,5,20,16,1:17.105,1:16.661,\N,77.105,76.661,15
869,58,26,5,21,17,1:17.361,\N,\N,77.361,NA,17
870,58,33,13,18,18,1:17.702,\N,\N,77.702,NA,18
871,58,27,13,19,19,1:18.024,\N,\N,78.024,NA,19
872,58,11,8,22,20,1:18.920,\N,\N,78.92,NA,20
873,58,36,8,23,21,1:20.763,\N,\N,80.763,NA,21
875,59,4,4,1,1,1:14.232,1:13.622,1:13.962,74.232,73.622,2
876,59,17,3,9,2,1:14.305,1:13.728,1:14.082,74.305,73.728,3
877,59,8,1,3,3,1:13.887,1:13.532,1:14.140,73.887,73.532,1
878,59,31,1,4,4,1:14.483,1:14.295,1:14.664,74.483,74.295,5
879,59,22,11,11,5,1:14.766,1:14.312,1:15.804,74.766,74.312,8
880,59,15,7,8,6,1:14.883,1:14.211,1:15.857,74.883,74.211,9
881,59,14,9,14,7,1:15.090,1:13.687,1:16.426,75.09,73.687,12
882,59,3,3,10,8,1:14.888,1:13.909,1:16.636,74.888,73.909,10
883,59,21,4,2,9,1:14.614,1:13.647,1:17.260,74.614,73.647,7
884,59,23,7,7,10,1:14.412,1:14.398,\N,74.412,74.398,4
885,59,32,9,15,11,1:14.489,1:14.747,\N,74.489,74.747,6
886,59,24,5,20,12,1:15.314,1:14.969,\N,75.314,74.969,13
887,59,18,11,12,13,1:15.085,1:14.982,\N,75.08500000000001,74.982,11
888,59,35,2,17,14,1:15.316,1:15.052,\N,75.316,75.05199999999999,14
889,59,2,2,16,15,1:15.324,1:15.137,\N,75.324,75.137,15
890,59,27,13,19,16,1:15.598,\N,\N,75.598,NA,16
891,59,33,13,18,17,1:15.993,\N,\N,75.993,NA,17
892,59,26,5,21,18,1:16.236,\N,\N,76.236,NA,18
893,59,11,8,22,19,1:17.276,\N,\N,77.276,NA,19
894,59,36,8,23,20,1:17.502,\N,\N,77.502,NA,20
897,60,4,4,1,1,1:21.018,1:20.271,1:20.253,81.018,80.271,1
898,60,8,1,3,2,1:21.648,1:20.497,1:20.397,81.648,80.497,4
899,60,30,6,5,3,1:22.096,1:20.659,1:20.574,82.096,80.65899999999999,6
900,60,13,6,6,4,1:21.647,1:20.846,1:20.764,81.64699999999999,80.846,3
901,60,21,4,2,5,1:22.411,1:20.594,1:20.919,82.411,80.594,8
902,60,22,11,11,6,1:22.965,1:20.929,1:20.943,82.965,80.929,15
903,60,23,7,7,7,1:22.886,1:21.043,1:21.073,82.886,81.043,14
904,60,31,1,4,8,1:22.169,1:20.816,1:21.107,82.169,80.816,7
905,60,2,2,16,9,1:21.670,1:20.629,1:21.329,81.67,80.629,5
906,60,35,2,17,10,1:21.637,1:20.672,1:21.599,81.637,80.672,2
907,60,14,9,14,11,1:22.424,1:21.442,\N,82.424,81.44200000000001,9
908,60,3,3,10,12,1:23.083,1:21.567,\N,83.083,81.56700000000001,16
909,60,24,5,20,13,1:22.685,1:21.699,\N,82.685,81.699,11
910,60,32,9,15,14,1:22.773,1:21.990,\N,82.773,81.99,12
911,60,26,5,21,15,1:22.541,1:22.076,\N,82.541,82.076,10
912,60,33,13,18,16,1:22.860,1:22.207,\N,82.86,82.207,13
913,60,17,3,9,17,1:23.129,\N,\N,83.129,NA,17
914,60,27,13,19,18,1:23.210,\N,\N,83.21000000000001,NA,18
915,60,18,11,12,19,1:23.247,\N,\N,83.247,NA,19
916,60,11,8,22,20,1:26.158,\N,\N,86.158,NA,20
917,60,36,8,23,21,1:26.316,\N,\N,86.316,NA,21
919,61,4,4,1,1,1:15.350,1:14.726,1:14.942,75.35,74.726,1
920,61,21,4,2,2,1:15.917,1:15.295,1:15.178,75.917,75.295,5
921,61,8,1,3,3,1:15.376,1:15.273,1:15.386,75.376,75.273,2
922,61,15,7,8,4,1:16.455,1:15.506,1:15.968,76.455,75.506,9
923,61,30,6,5,5,1:15.716,1:15.139,1:15.986,75.716,75.139,3
924,61,3,3,10,6,1:16.404,1:15.269,1:16.012,76.404,75.269,8
925,61,31,1,4,7,1:16.251,1:15.253,1:16.228,76.251,75.253,6
926,61,18,11,12,8,1:16.594,1:15.814,1:16.608,76.594,75.814,14
927,61,22,11,11,9,1:16.735,1:15.601,1:16.912,76.735,75.601,16
928,61,13,6,6,10,1:16.259,1:15.555,1:17.209,76.259,75.555,7
929,61,35,2,17,11,1:16.493,1:15.832,\N,76.493,75.832,10
930,61,32,9,15,12,1:16.585,1:15.833,\N,76.58500000000001,75.833,13
931,61,2,2,16,13,1:15.906,1:15.885,\N,75.906,75.885,4
932,61,23,7,7,14,1:16.702,1:15.888,\N,76.702,75.888,15
933,61,24,5,20,15,1:16.581,1:16.116,\N,76.581,76.116,12
934,61,14,9,14,16,1:16.514,1:16.301,\N,76.514,76.301,11
935,61,17,3,9,17,1:16.985,\N,\N,76.985,NA,17
936,61,26,5,21,18,1:17.016,\N,\N,77.01599999999999,NA,18
937,61,33,13,18,19,1:17.121,\N,\N,77.121,NA,19
938,61,27,13,19,20,1:17.140,\N,\N,77.14,NA,20
939,61,11,8,22,21,1:19.088,\N,\N,79.088,NA,21
940,61,36,8,23,22,1:19.152,\N,\N,79.152,NA,22
941,62,30,6,5,1,1:11.588,1:10.636,1:10.832,71.588,70.636,2
942,62,13,6,6,2,1:11.088,1:11.146,1:11.435,71.088,71.146,1
943,62,21,4,2,3,1:12.287,1:11.200,1:11.920,72.287,71.2,8
944,62,22,11,11,4,1:12.156,1:11.263,1:12.109,72.156,71.263,6
945,62,4,4,1,5,1:12.416,1:11.877,1:12.449,72.416,71.877,9
946,62,35,2,17,6,1:12.114,1:11.724,1:12.479,72.114,71.724,5
947,62,18,11,12,7,1:12.238,1:11.865,1:12.523,72.238,71.865,7
948,62,23,7,7,8,1:11.879,1:11.673,1:12.795,71.879,71.673,3
949,62,8,1,3,9,1:12.777,1:12.135,1:13.174,72.777,72.135,14
950,62,2,2,16,10,1:11.891,1:11.718,1:15.280,71.891,71.718,4
951,62,31,1,4,11,1:12.477,1:12.150,\N,72.477,72.15,10
952,62,17,3,9,12,1:12.935,1:12.292,\N,72.935,72.292,15
953,62,26,5,21,13,1:13.167,1:12.792,\N,73.167,72.792,16
954,62,27,13,19,14,1:12.711,1:12.854,\N,72.711,72.854,12
955,62,33,13,18,15,1:12.627,1:12.864,\N,72.627,72.864,11
956,62,32,9,15,16,1:12.773,1:12.925,\N,72.773,72.925,13
957,62,14,9,14,17,1:13.180,\N,\N,73.18,NA,17
958,62,11,8,22,18,1:13.496,\N,\N,73.496,NA,18
959,62,3,3,10,19,1:13.506,\N,\N,73.506,NA,19
960,62,15,7,8,20,1:13.787,\N,\N,73.787,NA,20
961,62,24,5,20,21,1:14.041,\N,\N,74.041,NA,21
962,62,36,8,23,22,1:16.036,\N,\N,76.036,NA,22
963,63,30,6,5,1,1:15.865,1:15.111,1:15.493,75.865,75.111,2
964,63,13,6,6,2,1:16.277,1:15.679,1:15.510,76.277,75.679,5
965,63,4,4,1,3,1:16.328,1:15.706,1:15.785,76.328,75.706,6
966,63,15,7,8,4,1:15.550,1:15.776,1:16.036,75.55,75.776,1
967,63,23,7,7,5,1:15.949,1:15.625,1:16.091,75.949,75.625,3
968,63,8,1,3,6,1:16.154,1:15.742,1:16.281,76.154,75.742,4
969,63,21,4,2,7,1:16.825,1:15.901,1:16.345,76.825,75.901,12
970,63,37,1,4,8,1:16.679,1:15.902,1:16.632,76.679,75.902,10
971,63,3,3,10,9,1:16.534,1:15.926,1:18.272,76.53399999999999,75.926,9
972,63,14,9,14,10,1:16.350,1:15.974,1:18.663,76.35,75.974,7
973,63,17,3,9,11,1:16.531,1:16.129,\N,76.531,76.129,8
974,63,2,2,16,12,1:16.686,1:16.294,\N,76.686,76.294,11
975,63,32,9,15,13,1:16.921,1:16.433,\N,76.92099999999999,76.43299999999999,13
976,63,22,11,11,14,1:17.022,1:17.027,\N,77.02199999999999,77.027,15
977,63,26,5,21,15,1:17.117,1:17.063,\N,77.117,77.063,16
978,63,27,13,19,16,1:16.962,1:17.105,\N,76.962,77.105,14
979,63,24,5,20,17,1:17.164,\N,\N,77.164,NA,17
980,63,35,2,17,18,1:17.304,\N,\N,77.304,NA,18
981,63,18,11,12,19,1:17.495,\N,\N,77.495,NA,19
982,63,33,13,18,20,1:17.589,\N,\N,77.589,NA,20
983,63,36,8,23,21,1:18.637,\N,\N,78.637,NA,21
984,63,11,8,22,22,1:18.845,\N,\N,78.845,NA,22
985,64,8,1,3,1,1:15.214,1:14.410,1:14.070,75.214,74.41,3
986,64,30,6,5,2,1:14.904,1:13.778,1:14.205,74.904,73.778,2
987,64,13,6,6,3,1:14.412,1:14.094,1:14.569,74.412,74.094,1
988,64,18,11,12,4,1:15.869,1:14.378,1:14.862,75.869,74.378,12
989,64,21,4,2,5,1:15.916,1:14.540,1:14.894,75.916,74.53999999999999,13
990,64,22,11,11,6,1:15.757,1:14.652,1:14.934,75.757,74.652,8
991,64,4,4,1,7,1:15.518,1:14.746,1:15.282,75.518,74.746,5
992,64,23,7,7,8,1:15.789,1:14.743,1:15.923,75.789,74.743,9
993,64,37,1,4,9,1:15.655,1:15.021,1:15.936,75.655,75.021,6
994,64,14,9,14,10,1:15.836,1:14.826,1:16.326,75.836,74.826,11
995,64,17,3,9,11,1:15.719,1:15.094,\N,75.719,75.094,7
996,64,32,9,15,12,1:15.816,1:15.141,\N,75.816,75.141,10
997,64,15,7,8,13,1:15.430,1:15.150,\N,75.43,75.15,4
998,64,35,2,17,14,1:16.281,1:15.329,\N,76.281,75.32900000000001,16
999,64,3,3,10,15,1:16.183,1:15.380,\N,76.18299999999999,75.38,14
1000,64,2,2,16,16,1:16.234,1:15.397,\N,76.23400000000001,75.397,15
1001,64,24,5,20,17,1:16.399,\N,\N,76.399,NA,17
1002,64,27,13,19,18,1:17.093,\N,\N,77.093,NA,18
1003,64,11,8,22,19,1:17.185,\N,\N,77.185,NA,19
1004,64,33,13,18,20,1:17.836,\N,\N,77.836,NA,20
1005,64,29,8,23,21,1:20.444,\N,\N,80.444,NA,21
1007,65,8,1,3,1,1:20.080,1:19.704,1:19.599,80.08,79.70400000000001,2
1008,65,13,6,6,2,1:19.742,1:19.504,1:19.886,79.742,79.504,1
1009,65,22,11,11,3,1:21.141,1:19.783,1:20.085,81.14099999999999,79.783,6
1010,65,18,11,12,4,1:20.820,1:19.943,1:20.092,80.82,79.943,3
1011,65,37,1,4,5,1:21.288,1:19.991,1:20.117,81.288,79.991,8
1012,65,17,3,9,6,1:21.335,1:20.047,1:20.266,81.33500000000001,80.047,9
1013,65,23,7,7,7,1:21.112,1:20.243,1:20.759,81.112,80.243,5
1014,65,21,4,2,8,1:21.370,1:20.154,1:20.924,81.37,80.154,10
1015,65,15,7,8,9,1:21.434,1:20.231,1:21.132,81.434,80.231,11
1016,65,9,2,17,10,1:20.891,1:20.256,1:22.049,80.89099999999999,80.256,4
1017,65,2,2,16,11,1:21.437,1:20.623,\N,81.437,80.623,12
1018,65,30,6,5,12,1:21.440,1:20.875,\N,81.44,80.875,13
1019,65,14,9,14,13,1:21.163,1:20.890,\N,81.163,80.89,7
1020,65,32,9,15,14,1:22.027,1:21.207,\N,82.027,81.207,16
1021,65,4,4,1,15,1:21.792,1:21.364,\N,81.792,81.364,14
1022,65,33,13,18,16,1:22.009,1:23.767,\N,82.009,83.767,15
1023,65,24,5,20,17,1:22.068,\N,\N,82.068,NA,17
1024,65,3,3,10,18,1:22.084,\N,\N,82.084,NA,18
1025,65,26,5,21,19,1:22.317,\N,\N,82.31700000000001,NA,19
1026,65,11,8,22,20,1:22.967,\N,\N,82.967,NA,20
1027,65,27,13,19,21,1:23.146,\N,\N,83.146,NA,21
1028,65,29,8,23,22,1:24.016,\N,\N,84.01599999999999,NA,22
1029,66,13,6,6,1,1:27.306,1:27.059,1:26.907,87.306,87.059,1
1030,66,30,6,5,2,1:27.385,1:25.850,1:27.284,87.385,85.85,2
1031,66,4,4,1,3,1:27.861,1:26.917,1:27.321,87.861,86.917,4
1032,66,21,4,2,4,1:28.175,1:27.346,1:27.564,88.175,87.346,5
1033,66,23,7,7,5,1:27.668,1:27.062,1:27.569,87.668,87.062,3
1034,66,2,2,16,6,1:28.200,1:27.251,1:27.785,88.2,87.251,6
1035,66,18,11,12,7,1:28.222,1:26.872,1:27.790,88.22200000000001,86.872,8
1036,66,8,1,3,8,1:28.236,1:27.202,1:27.866,88.236,87.202,9
1037,66,9,2,17,9,1:28.212,1:27.405,1:28.167,88.212,87.405,7
1038,66,17,3,9,10,1:28.307,1:27.608,1:29.436,88.307,87.608,11
1039,66,32,9,15,11,1:28.271,1:27.852,\N,88.271,87.852,10
1040,66,37,1,4,12,1:28.403,1:27.897,\N,88.40299999999999,87.89699999999999,12
1041,66,15,7,8,13,1:28.549,1:27.973,\N,88.549,87.973,14
1042,66,22,11,11,14,1:28.411,1:28.257,\N,88.411,88.257,13
1043,66,3,3,10,15,1:28.889,1:28.386,\N,88.889,88.386,15
1044,66,27,13,19,16,1:29.021,1:28.639,\N,89.021,88.639,16
1045,66,14,9,14,17,1:29.136,\N,\N,89.136,NA,17
1046,66,26,5,21,18,1:29.158,\N,\N,89.158,NA,18
1047,66,24,5,20,19,1:29.250,\N,\N,89.25,NA,19
1048,66,33,13,18,20,1:29.901,\N,\N,89.901,NA,20
1049,66,29,8,23,21,1:30.607,\N,\N,90.607,NA,21
1050,66,11,8,22,22,1:30.850,\N,\N,90.85,NA,22
1051,67,8,1,3,1,1:21.994,1:21.349,1:21.484,81.994,81.349,4
1052,67,30,6,5,2,1:21.711,1:21.353,1:21.486,81.711,81.35300000000001,1
1053,67,2,2,16,3,1:21.764,1:21.425,1:21.653,81.764,81.425,3
1054,67,13,6,6,4,1:22.028,1:21.225,1:21.704,82.02799999999999,81.225,5
1055,67,18,11,12,5,1:22.512,1:21.572,1:22.011,82.512,81.572,10
1056,67,9,2,17,6,1:22.437,1:21.270,1:22.258,82.437,81.27,8
1057,67,37,1,4,7,1:22.422,1:21.878,1:22.280,82.422,81.878,7
1058,67,22,11,11,8,1:22.640,1:21.688,1:22.787,82.64,81.688,14
1059,67,21,4,2,9,1:22.486,1:21.722,1:23.175,82.486,81.72200000000001,9
1060,67,4,4,1,10,1:21.747,1:21.526,1:25.688,81.747,81.526,2
1061,67,15,7,8,11,1:22.093,1:21.924,\N,82.093,81.924,6
1062,67,3,3,10,12,1:22.581,1:22.203,\N,82.581,82.203,11
1063,67,23,7,7,13,1:22.622,1:22.280,\N,82.622,82.28,13
1064,67,14,9,14,14,1:22.618,1:22.589,\N,82.618,82.589,12
1065,67,26,5,21,15,1:22.943,1:23.165,\N,82.943,83.16499999999999,16
1066,67,32,9,15,16,1:22.898,\N,\N,82.898,NA,15
1067,67,24,5,20,17,1:23.043,\N,\N,83.043,NA,17
1068,67,27,14,19,18,1:23.116,\N,\N,83.116,NA,18
1069,67,17,3,9,19,1:23.341,\N,\N,83.34100000000001,NA,19
1070,67,33,14,18,20,1:23.920,\N,\N,83.92,NA,20
1071,67,11,8,22,21,1:24.289,\N,\N,84.289,NA,21
1072,67,29,8,23,22,1:26.001,\N,\N,86.001,NA,22
1073,68,4,4,1,1,1:44.128,1:43.951,1:44.360,104.128,103.951,1
1074,68,21,4,2,2,1:44.378,1:44.336,1:44.992,104.378,104.336,2
1075,68,22,11,11,3,1:47.072,1:45.228,1:45.503,107.072,105.22800000000001,12
1076,68,18,11,12,4,1:45.809,1:44.662,1:45.503,105.809,104.662,6
1077,68,8,1,3,5,1:44.909,1:45.622,1:45.754,104.90899999999999,105.622,4
1078,68,30,6,5,6,1:47.366,1:45.660,1:45.775,107.366,105.66,14
1079,68,37,1,4,7,1:44.808,1:45.095,1:45.877,104.80799999999999,105.095,3
1080,68,2,2,16,8,1:46.249,1:45.055,1:46.053,106.249,105.055,10
1081,68,9,2,17,9,1:46.049,1:45.576,1:46.632,106.049,105.576,8
1082,68,38,9,15,10,1:46.387,1:45.747,1:48.021,106.387,105.747,11
1083,68,26,5,21,11,1:46.222,1:45.851,\N,106.22200000000001,105.851,9
1084,68,14,9,14,12,1:45.931,1:45.968,\N,105.931,105.968,7
1085,68,24,5,20,13,1:45.564,1:46.172,\N,105.564,106.172,5
1086,68,17,3,9,14,1:48.560,1:46.413,\N,108.56,106.413,16
1087,68,3,3,10,15,1:47.535,1:47.419,\N,107.535,107.419,15
1088,68,23,7,7,16,1:48.894,\N,\N,108.894,NA,17
1089,68,15,7,8,17,1:49.098,\N,\N,109.098,NA,18
1090,68,33,14,18,18,1:49.903,\N,\N,109.90299999999999,NA,20
1091,68,29,8,23,19,1:55.560,\N,\N,115.56,NA,22
1092,68,13,6,6,20,1:47.231,1:45.970,\N,107.231,105.97,13
1093,68,11,8,22,21,1:50.326,\N,\N,110.326,NA,21
1094,68,27,14,19,22,1:49.542,\N,\N,109.542,NA,19
1095,69,13,6,6,1,1:30.112,1:29.830,1:29.599,90.112,89.83,1
1096,69,30,6,5,2,1:31.279,1:28.954,1:29.711,91.279,88.95400000000001,8
1097,69,23,7,7,3,1:30.595,1:30.299,1:29.989,90.595,90.299,4
1098,69,15,7,8,4,1:30.420,1:30.204,1:30.039,90.42,90.20400000000001,2
1099,69,4,4,1,5,1:30.976,1:30.357,1:30.371,90.976,90.357,6
1100,69,21,4,2,6,1:31.696,1:30.306,1:30.599,91.696,90.306,11
1101,69,18,11,12,7,1:30.847,1:30.268,1:30.992,90.84700000000001,90.268,5
1102,69,22,11,11,8,1:31.972,1:30.598,1:31.478,91.97200000000001,90.598,14
1103,69,2,2,16,9,1:31.811,1:30.470,1:31.513,91.811,90.47,13
1104,69,3,3,10,10,1:30.585,1:30.321,1:31.856,90.58500000000001,90.321,3
1105,69,8,1,3,11,1:32.080,1:30.827,\N,92.08,90.827,15
1106,69,9,2,17,12,1:31.204,1:31.094,\N,91.20400000000001,91.094,7
1107,69,37,1,4,13,1:31.581,1:31.254,\N,91.581,91.254,9
1108,69,17,3,9,14,1:31.647,1:31.276,\N,91.64699999999999,91.276,10
1109,69,24,5,20,15,1:31.741,1:31.943,\N,91.741,91.943,12
1110,69,27,14,19,16,1:32.221,1:33.750,\N,92.221,93.75,16
1111,69,14,9,14,17,1:32.252,\N,\N,92.25200000000001,NA,17
1112,69,38,9,15,18,1:32.402,\N,\N,92.402,NA,18
1113,69,26,5,21,19,1:32.867,\N,\N,92.86699999999999,NA,19
1114,69,11,8,22,20,1:33.666,\N,\N,93.666,NA,20
1115,69,33,14,18,21,1:33.709,\N,\N,93.709,NA,21
1117,70,13,6,6,1,1:10.643,1:10.775,1:10.680,70.643,70.775,1
1118,70,8,1,3,2,1:12.035,1:11.386,1:11.299,72.035,71.386,10
1119,70,15,7,8,3,1:11.885,1:11.343,1:11.328,71.885,71.343,6
1120,70,4,4,1,4,1:11.791,1:11.148,1:11.567,71.791,71.148,4
1121,70,22,11,11,5,1:12.017,1:11.578,1:11.619,72.017,71.578,9
1122,70,21,4,2,6,1:12.042,1:11.461,1:11.629,72.042,71.461,12
1123,70,23,7,7,7,1:11.713,1:11.550,1:11.695,71.713,71.55,3
1124,70,2,2,16,8,1:12.307,1:11.648,1:11.882,72.307,71.648,14
1125,70,9,2,17,9,1:12.040,1:11.589,1:12.131,72.03999999999999,71.589,11
1126,70,30,6,5,10,1:11.565,1:10.313,\N,71.565,70.313,2
1127,70,17,3,9,11,1:11.973,1:11.650,\N,71.973,71.65,7
1128,70,37,1,4,12,1:11.825,1:11.658,\N,71.825,71.658,5
1129,70,3,3,10,13,1:11.974,1:11.679,\N,71.974,71.679,8
1130,70,18,11,12,14,1:12.085,1:11.742,\N,72.08500000000001,71.742,13
1131,70,38,9,15,15,1:12.530,1:12.591,\N,72.53,72.591,15
1132,70,24,5,20,16,1:12.855,1:12.861,\N,72.855,72.861,16
1133,70,26,5,21,17,1:12.856,\N,\N,72.856,NA,17
1134,70,27,14,19,18,1:13.138,\N,\N,73.138,NA,18
1135,70,14,9,14,19,1:13.249,\N,\N,73.249,NA,19
1136,70,11,8,22,20,1:13.269,\N,\N,73.269,NA,20
1137,70,29,8,23,21,1:13.357,\N,\N,73.357,NA,21
2986,1,18,23,22,1,1:25.211,1:24.855,1:26.202,85.211,84.855,2
2987,1,22,23,23,2,1:25.006,1:24.783,1:26.505,85.006,84.783,1
2988,1,20,9,15,3,1:25.938,1:25.121,1:26.830,85.938,85.121,10
2989,1,9,2,5,4,1:25.922,1:25.152,1:26.914,85.922,85.152,9
2990,1,3,3,16,5,1:25.846,1:25.123,1:26.973,85.846,85.123,7
2991,1,10,7,10,6,1:25.499,1:25.281,1:26.975,85.499,85.281,4
2992,1,13,6,3,7,1:25.844,1:25.319,1:27.033,85.844,85.319,6
2993,1,15,7,9,8,1:26.194,1:25.265,1:27.127,86.194,85.265,14
2994,1,8,6,4,9,1:25.899,1:25.380,1:27.163,85.899,85.38,8
2995,1,17,9,14,10,1:25.427,1:25.241,1:27.246,85.42699999999999,85.241,3
2996,1,2,2,6,11,1:25.827,1:25.504,\N,85.827,85.504,5
2997,1,4,4,7,12,1:26.026,1:25.605,\N,86.026,85.605,11
2998,1,6,3,17,13,1:26.074,1:25.607,\N,86.074,85.607,12
2999,1,5,1,2,14,1:26.184,1:25.726,\N,86.184,85.726,13
3000,1,1,1,1,15,1:26.454,\N,\N,86.45400000000001,NA,15
3001,1,67,5,12,16,1:26.503,\N,\N,86.503,NA,16
3002,1,12,4,8,17,1:26.598,\N,\N,86.598,NA,17
3003,1,21,10,21,18,1:26.677,\N,\N,86.67699999999999,NA,18
3004,1,16,10,20,19,1:26.742,\N,\N,86.742,NA,19
3005,1,7,5,11,20,1:26.964,\N,\N,86.964,NA,20
3006,2,18,23,22,1,1:35.058,1:33.784,1:35.181,95.05799999999999,93.78399999999999,7
3007,2,15,7,9,2,1:34.745,1:33.990,1:35.273,94.745,93.99000000000001,2
3008,2,20,9,15,3,1:34.935,1:34.276,1:35.518,94.935,94.27600000000001,4
3009,2,22,23,23,4,1:34.681,1:34.387,1:35.651,94.681,94.387,1
3010,2,10,7,10,5,1:34.907,1:34.258,1:35.690,94.907,94.25800000000001,3
3011,2,3,3,16,6,1:35.083,1:34.547,1:35.750,95.083,94.547,8
3012,2,17,9,14,7,1:35.027,1:34.222,1:35.797,95.027,94.22200000000001,6
3013,2,9,2,5,8,1:35.166,1:34.562,1:36.106,95.166,94.562,10
3014,2,8,6,4,9,1:35.476,1:34.456,1:36.170,95.476,94.456,14
3015,2,4,4,7,10,1:35.260,1:34.706,1:37.659,95.25999999999999,94.706,11
3016,2,2,2,5,11,1:35.110,1:34.769,\N,95.11,94.769,9
3017,2,6,3,17,12,1:35.341,1:34.788,\N,95.34100000000001,94.788,13
3018,2,1,1,1,13,1:35.280,1:34.905,\N,95.28,94.905,12
3019,2,5,1,2,14,1:35.023,1:34.924,\N,95.023,94.924,5
3020,2,7,5,11,15,1:35.507,1:35.431,\N,95.507,95.431,15
3021,2,13,6,3,16,1:35.642,\N,\N,95.642,NA,16
3022,2,12,4,8,17,1:35.708,\N,\N,95.708,NA,17
3023,2,21,10,21,18,1:35.908,\N,\N,95.908,NA,18
3024,2,16,10,20,19,1:35.951,\N,\N,95.951,NA,19
3025,2,67,5,12,20,1:36.107,\N,\N,96.107,NA,20
3026,3,20,9,15,1,1:36.565,1:35.130,1:36.184,96.565,95.13,13
3027,3,4,4,7,2,1:36.443,1:35.803,1:36.381,96.443,95.803,11
3028,3,17,9,14,3,1:35.751,1:35.173,1:36.466,95.751,95.173,3
3029,3,22,23,23,4,1:35.701,1:35.503,1:36.493,95.701,95.503,2
3030,3,18,23,22,5,1:35.533,1:35.556,1:36.532,95.533,95.556,1
3031,3,15,7,9,6,1:36.308,1:35.645,1:36.835,96.30799999999999,95.64500000000001,9
3032,3,3,3,16,7,1:35.941,1:35.809,1:37.397,95.941,95.809,5
3033,3,8,6,4,8,1:36.137,1:35.856,1:38.089,96.137,95.856,6
3034,3,1,1,1,9,1:35.776,1:35.740,1:38.595,95.77600000000001,95.74000000000001,4
3035,3,67,5,12,10,1:36.284,1:35.965,1:39.321,96.28399999999999,95.965,8
3036,3,2,2,6,11,1:36.525,1:35.975,\N,96.525,95.975,12
3037,3,5,1,2,12,1:36.646,1:36.032,\N,96.646,96.032,14
3038,3,13,6,3,13,1:36.178,1:36.033,\N,96.178,96.033,7
3039,3,10,7,10,14,1:36.364,1:36.066,\N,96.364,96.066,10
3040,3,6,3,17,15,1:36.673,1:36.193,\N,96.673,96.193,15
3041,3,7,5,11,16,1:36.906,\N,\N,96.906,NA,16
3042,3,12,4,8,17,1:36.908,\N,\N,96.908,NA,17
3043,3,9,2,5,18,1:36.966,\N,\N,96.96600000000001,NA,18
3044,3,16,10,20,19,1:37.669,\N,\N,97.669,NA,19
3045,3,21,10,11,20,1:37.672,\N,\N,97.672,NA,20
3046,4,15,7,9,1,1:32.799,1:32.671,1:33.431,92.799,92.67099999999999,2
3047,4,10,7,10,2,1:33.165,1:32.613,1:33.712,93.16499999999999,92.613,7
3048,4,20,9,15,3,1:32.680,1:32.474,1:34.015,92.68,92.47399999999999,1
3049,4,18,23,22,4,1:32.978,1:32.842,1:34.044,92.97800000000001,92.842,4
3050,4,1,1,1,5,1:32.851,1:32.877,1:34.196,92.851,92.87700000000001,3
3051,4,22,23,23,6,1:33.116,1:32.842,1:34.239,93.116,92.842,5
3052,4,4,4,7,7,1:33.627,1:32.860,1:34.578,93.62700000000001,92.86,14
3053,4,13,6,3,8,1:33.297,1:33.014,1:34.818,93.297,93.01400000000001,9
3054,4,3,3,16,9,1:33.672,1:33.166,1:35.134,93.672,93.166,15
3055,4,8,6,4,10,1:33.117,1:32.827,1:35.380,93.11699999999999,92.827,6
3056,4,5,1,2,11,1:33.479,1:33.242,\N,93.479,93.24199999999999,11
3057,4,6,3,17,12,1:33.221,1:33.348,\N,93.221,93.348,8
3058,4,9,2,5,13,1:33.495,1:33.487,\N,93.495,93.487,12
3059,4,2,2,6,14,1:33.377,1:33.562,\N,93.37700000000001,93.562,10
3060,4,12,4,8,15,1:33.608,1:33.941,\N,93.608,93.941,13
3061,4,16,10,20,16,1:33.722,\N,\N,93.72200000000001,NA,16
3062,4,67,5,12,17,1:33.753,\N,\N,93.753,NA,17
3063,4,21,10,21,18,1:33.910,\N,\N,93.91,NA,18
3064,4,17,9,14,19,1:34.038,\N,\N,94.038,NA,19
3065,4,7,5,11,20,1:34.159,\N,\N,94.15899999999999,NA,20
3066,5,18,23,22,1,1:20.707,1:20.192,1:20.527,80.707,80.19200000000001,3
3067,5,20,9,15,2,1:20.715,1:20.220,1:20.660,80.715,80.22,4
3068,5,22,23,23,3,1:20.808,1:19.954,1:20.762,80.80799999999999,79.95400000000001,6
3069,5,13,6,3,4,1:20.484,1:20.149,1:20.934,80.48400000000001,80.149,1
3070,5,17,9,14,5,1:20.689,1:20.007,1:21.049,80.689,80.007,2
3071,5,10,7,10,6,1:20.877,1:20.107,1:21.247,80.877,80.107,8
3072,5,15,7,9,7,1:21.189,1:20.420,1:21.254,81.189,80.42,15
3073,5,4,4,7,8,1:21.186,1:20.509,1:21.392,81.186,80.509,14
3074,5,3,3,16,9,1:20.745,1:20.256,1:22.558,80.745,80.256,5
3075,5,9,2,5,10,1:20.931,1:20.408,1:22.685,80.931,80.408,9
3076,5,6,3,17,11,1:20.818,1:20.531,\N,80.818,80.531,7
3077,5,12,4,8,12,1:21.128,1:20.604,\N,81.128,80.604,13
3078,5,2,2,6,13,1:21.095,1:20.676,\N,81.095,80.676,12
3079,5,1,1,1,14,1:20.991,1:20.805,\N,80.991,80.805,10
3080,5,67,5,12,15,1:21.033,1:21.067,\N,81.033,81.06700000000001,11
3081,5,8,6,4,16,1:21.291,\N,\N,81.291,NA,16
3082,5,7,5,11,17,1:21.300,\N,\N,81.3,NA,17
3083,5,5,1,2,18,1:21.675,\N,\N,81.675,NA,18
3084,5,16,10,20,19,1:21.742,\N,\N,81.742,NA,19
3085,5,21,10,21,20,1:22.204,\N,\N,82.20400000000001,NA,20
3086,6,18,23,22,1,1:15.210,1:15.016,1:14.902,75.21000000000001,75.016,2
3087,6,8,6,4,2,1:15.746,1:14.514,1:14.927,75.746,74.514,7
3088,6,22,23,23,3,1:15.425,1:14.829,1:15.077,75.425,74.82900000000001,5
3089,6,20,9,15,4,1:15.915,1:14.879,1:15.271,75.91499999999999,74.879,10
3090,6,13,6,3,5,1:15.340,1:15.001,1:15.437,75.34,75.001,4
3091,6,3,3,16,6,1:15.094,1:14.846,1:15.455,75.094,74.846,1
3092,6,5,1,2,7,1:15.495,1:14.809,1:15.516,75.495,74.809,6
3093,6,17,9,14,8,1:15.260,1:14.825,1:15.653,75.26,74.825,3
3094,6,4,4,7,9,1:15.898,1:15.200,1:16.009,75.898,75.2,9
3095,6,6,3,17,10,1:15.930,1:15.579,1:17.344,75.93,75.57900000000001,11
3096,6,67,5,12,11,1:15.834,1:15.833,\N,75.834,75.833,8
3097,6,12,4,8,12,1:16.013,1:15.837,\N,76.013,75.837,12
3098,6,21,10,21,13,1:16.063,1:16.146,\N,76.063,76.146,13
3099,6,7,5,11,14,1:16.120,1:16.281,\N,76.12,76.281,14
3100,6,16,10,20,15,1:16.248,1:16.545,\N,76.248,76.545,15
3101,6,1,1,1,16,1:16.264,\N,\N,76.264,NA,16
3102,6,2,2,6,17,1:16.264,\N,\N,76.264,NA,16
3103,6,9,2,5,18,1:16.405,\N,\N,76.405,NA,18
3104,6,15,7,9,19,1:16.548,\N,\N,76.548,NA,19
3105,6,10,7,10,20,1:16.788,\N,\N,76.788,NA,20
3106,7,20,9,15,1,1:27.330,1:27.016,1:28.316,87.33,87.01599999999999,1
3107,7,18,23,22,2,1:27.355,1:27.230,1:28.421,87.355,87.23,2
3108,7,22,23,23,3,1:27.371,1:27.418,1:28.579,87.371,87.418,3
3109,7,17,9,14,4,1:27.466,1:27.416,1:28.613,87.46600000000001,87.416,4
3110,7,15,7,9,5,1:27.529,1:27.195,1:28.666,87.529,87.195,7
3111,7,8,6,4,6,1:27.556,1:27.387,1:28.815,87.556,87.387,8
3112,7,13,6,3,7,1:27.508,1:27.349,1:28.858,87.508,87.349,5
3113,7,4,4,7,8,1:27.988,1:27.473,1:29.075,87.988,87.473,12
3114,7,3,3,16,9,1:27.517,1:27.418,1:29.191,87.517,87.418,6
3115,7,9,2,5,10,1:27.788,1:27.455,1:29.357,87.788,87.455,10
3116,7,2,2,6,11,1:27.795,1:27.521,\N,87.795,87.521,11
3117,7,6,3,17,12,1:27.691,1:27.629,\N,87.691,87.629,9
3118,7,10,7,10,13,1:28.160,1:27.795,\N,88.16,87.795,13
3119,7,5,1,2,14,1:28.199,1:28.207,\N,88.199,88.207,14
3120,7,16,10,20,15,1:28.278,1:28.391,\N,88.27799999999999,88.39099999999999,15
3121,7,1,1,1,16,1:28.318,\N,\N,88.318,NA,16
3122,7,12,4,8,17,1:28.582,\N,\N,88.582,NA,17
3123,7,67,5,12,18,1:28.708,\N,\N,88.708,NA,18
3124,7,21,10,21,19,1:28.717,\N,\N,88.717,NA,19
3125,7,7,5,11,20,1:28.918,\N,\N,88.918,NA,20
3126,8,20,9,15,1,1:18.685,1:18.119,1:19.509,78.685,78.119,3
3127,8,22,23,23,2,1:19.325,1:18.335,1:19.856,79.325,78.33500000000001,11
3128,8,17,9,14,3,1:18.674,1:18.209,1:19.868,78.674,78.209,2
3129,8,15,7,9,4,1:18.886,1:18.240,1:20.091,78.886,78.24,4
3130,8,6,3,17,5,1:18.530,1:18.575,1:20.216,78.53,78.575,1
3131,8,18,23,22,6,1:18.957,1:18.663,1:20.289,78.957,78.663,5
3132,8,3,3,16,7,1:19.228,1:18.591,1:20.361,79.22800000000001,78.59100000000001,10
3133,8,10,7,10,8,1:19.198,1:18.791,1:20.490,79.19800000000001,78.791,9
3134,8,8,6,4,9,1:19.010,1:18.566,1:20.715,79.01,78.566,6
3135,8,4,4,7,10,1:19.167,1:18.761,1:20.741,79.167,78.761,8
3136,8,13,6,3,11,1:19.148,1:18.927,\N,79.148,78.92699999999999,7
3137,8,9,2,5,12,1:19.730,1:19.308,\N,79.73,79.30799999999999,14
3138,8,5,1,2,13,1:19.732,1:19.353,\N,79.732,79.35300000000001,15
3139,8,12,4,8,14,1:19.555,1:19.392,\N,79.555,79.392,12
3140,8,2,2,6,15,1:19.559,1:19.448,\N,79.559,79.44800000000001,13
3141,8,21,10,21,16,1:19.802,\N,\N,79.80199999999999,NA,16
3142,8,7,5,11,17,1:19.898,\N,\N,79.898,NA,17
3143,8,16,10,20,18,1:19.909,\N,\N,79.90899999999999,NA,18
3144,8,1,1,1,19,1:19.917,\N,\N,79.917,NA,19
3145,8,67,5,12,20,1:20.236,\N,\N,80.236,NA,20
3146,9,17,9,14,1,1:31.257,1:38.038,1:32.230,91.257,98.038,1
3147,9,22,23,23,2,1:31.482,1:34.455,1:32.357,91.482,94.455,5
3148,9,18,23,22,3,1:31.568,1:39.032,1:32.473,91.568,99.032,6
3149,9,20,9,15,4,1:31.430,1:39.504,1:32.480,91.43,99.50399999999999,3
3150,9,1,1,1,5,1:31.473,1:39.149,1:32.616,91.473,99.149,4
3151,9,5,1,2,6,1:31.881,1:40.826,1:33.859,91.881,100.826,12
3152,9,16,10,20,7,1:32.015,1:36.740,1:34.316,92.015,96.74000000000001,14
3153,9,13,6,3,8,1:31.600,1:41.708,1:34.574,91.6,101.708,8
3154,9,8,6,4,9,1:31.869,1:41.730,1:34.710,91.869,101.72999999999999,11
3155,9,12,4,8,10,1:32.128,1:35.737,1:34.803,92.128,95.737,15
3156,9,2,2,6,11,1:31.771,1:42.310,\N,91.771,102.31,10
3157,9,4,4,7,12,1:31.302,1:42.318,\N,91.30199999999999,102.318,2
3158,9,6,3,17,13,1:31.884,1:42.500,\N,91.884,102.5,13
3159,9,15,7,9,14,1:31.760,1:42.771,\N,91.76,102.771,9
3160,9,3,3,16,15,1:31.598,1:42.859,\N,91.598,102.85900000000001,7
3161,9,9,2,5,16,1:32.190,\N,\N,92.19,NA,16
3162,9,67,5,12,17,1:32.251,\N,\N,92.251,NA,17
3163,9,21,10,21,18,1:32.402,\N,\N,92.402,NA,18
3164,9,10,7,10,19,1:32.423,\N,\N,92.423,NA,19
3165,9,7,5,11,20,1:33.559,\N,\N,93.559,NA,20
3166,10,4,4,7,1,1:21.313,1:20.826,1:21.569,81.313,80.826,6
3167,10,20,9,15,2,1:21.178,1:20.604,1:21.607,81.178,80.604,4
3168,10,17,9,14,3,1:20.964,1:20.358,1:21.741,80.964,80.358,3
3169,10,1,1,1,4,1:20.842,1:20.465,1:21.839,80.842,80.465,2
3170,10,3,3,16,5,1:20.793,1:20.862,1:21.890,80.793,80.862,1
3171,10,5,1,2,6,1:21.659,1:20.807,1:22.095,81.65899999999999,80.807,15
3172,10,8,6,4,7,1:21.500,1:20.647,1:22.468,81.5,80.64699999999999,11
3173,10,18,23,22,8,1:21.471,1:20.707,1:22.511,81.471,80.707,10
3174,10,6,3,17,9,1:21.407,1:20.570,1:22.835,81.407,80.57,7
3175,10,13,6,3,10,1:21.420,1:20.823,\N,81.42,80.82300000000001,9
3176,10,67,5,12,11,1:21.571,1:21.002,\N,81.571,81.002,13
3177,10,15,7,9,12,1:21.416,1:21.082,\N,81.416,81.082,8
3178,10,22,23,23,13,1:21.558,1:21.222,\N,81.55799999999999,81.22200000000001,12
3179,10,10,7,10,14,1:21.584,1:21.242,\N,81.584,81.242,14
3180,10,12,4,8,15,1:21.278,1:21.389,\N,81.27799999999999,81.389,5
3181,10,2,2,6,16,1:21.738,\N,\N,81.738,NA,16
3182,10,21,10,21,17,1:21.807,\N,\N,81.807,NA,17
3183,10,16,10,20,18,1:21.868,\N,\N,81.868,NA,18
3184,10,9,2,5,19,1:21.901,\N,\N,81.901,NA,19
3185,10,153,5,11,20,1:22.359,\N,\N,82.35900000000001,NA,20
3186,11,1,1,1,1,1:38.649,1:38.182,1:39.489,98.649,98.182,2
3187,11,5,1,2,2,1:38.816,1:38.230,1:39.532,98.816,98.22999999999999,4
3188,11,22,23,23,3,1:39.019,1:38.076,1:39.563,99.019,98.076,8
3189,11,20,9,15,4,1:39.295,1:38.273,1:39.789,99.295,98.273,13
3190,11,18,23,22,5,1:38.531,1:38.601,1:39.821,98.531,98.601,1
3191,11,8,6,4,6,1:38.843,1:38.782,1:40.144,98.843,98.782,5
3192,11,3,3,16,7,1:39.039,1:38.346,1:40.185,99.039,98.346,10
3193,11,4,4,7,8,1:39.155,1:38.717,1:40.236,99.155,98.717,12
3194,11,17,9,14,9,1:38.983,1:38.625,1:40.239,98.983,98.625,7
3195,11,9,2,5,10,1:38.806,1:38.747,1:40.512,98.806,98.747,3
3196,11,2,2,6,11,1:39.032,1:38.826,\N,99.032,98.826,9
3197,11,16,10,20,12,1:39.145,1:38.846,\N,99.14500000000001,98.846,11
3198,11,10,7,10,13,1:39.459,1:38.991,\N,99.459,98.991,15
3199,11,154,4,8,14,1:39.322,1:39.040,\N,99.322,99.03999999999999,14
3200,11,67,5,12,15,1:38.912,1:39.514,\N,98.912,99.51400000000001,6
3201,11,21,10,21,16,1:39.531,\N,\N,99.531,NA,16
3202,11,6,3,17,17,1:39.795,\N,\N,99.795,NA,17
3203,11,15,7,9,18,1:39.807,\N,\N,99.807,NA,18
3204,11,153,5,11,19,1:39.925,\N,\N,99.925,NA,19
3205,11,69,6,3,20,1:41.413,\N,\N,101.413,NA,20
3206,12,21,10,21,1,1:45.102,1:44.667,1:46.308,105.102,104.667,1
3207,12,15,7,9,2,1:45.140,1:44.503,1:46.395,105.14,104.503,2
3208,12,2,2,6,3,1:45.566,1:44.709,1:46.500,105.566,104.709,9
3209,12,22,23,23,4,1:45.237,1:44.834,1:46.513,105.237,104.834,3
3210,12,9,2,5,5,1:45.655,1:44.557,1:46.586,105.655,104.557,11
3211,12,8,6,4,6,1:45.579,1:44.953,1:46.633,105.57900000000001,104.953,10
3212,12,10,7,10,7,1:45.450,1:44.877,1:46.677,105.45,104.87700000000001,7
3213,12,20,9,15,8,1:45.372,1:44.592,1:46.761,105.372,104.592,6
3214,12,17,9,14,9,1:45.350,1:44.924,1:46.788,105.35,104.924,5
3215,12,3,3,16,10,1:45.486,1:45.047,1:47.362,105.48599999999999,105.047,8
3216,12,16,10,20,11,1:45.239,1:45.119,\N,105.239,105.119,4
3217,12,1,1,1,12,1:45.767,1:45.122,\N,105.767,105.122,15
3218,12,4,4,7,13,1:45.707,1:45.136,\N,105.707,105.136,13
3219,12,18,23,22,14,1:45.761,1:45.251,\N,105.761,105.251,14
3220,12,5,1,2,15,1:45.705,1:45.259,\N,105.705,105.259,12
3221,12,67,5,12,16,1:45.951,\N,\N,105.951,NA,16
3222,12,153,5,11,17,1:46.302,\N,\N,106.30199999999999,NA,17
3223,12,6,3,17,18,1:46.307,\N,\N,106.307,NA,18
3224,12,154,4,8,19,1:46.359,\N,\N,106.35900000000001,NA,19
3225,12,69,6,3,20,1:46.957,\N,\N,106.957,NA,20
3226,13,1,1,1,1,1:23.375,1:22.973,1:24.066,83.375,82.973,2
3227,13,16,10,20,2,1:23.576,1:23.070,1:24.261,83.576,83.07,7
3228,13,8,6,4,3,1:23.349,1:23.426,1:24.523,83.349,83.426,1
3229,13,5,1,2,4,1:23.515,1:23.528,1:24.845,83.515,83.52799999999999,5
3230,13,22,23,23,5,1:23.483,1:22.976,1:25.015,83.483,82.976,4
3231,13,18,23,22,6,1:23.403,1:22.955,1:25.030,83.40299999999999,82.955,3
3232,13,24,10,21,7,1:23.578,1:23.207,1:25.043,83.578,83.207,8
3233,13,4,4,7,8,1:23.708,1:23.497,1:25.072,83.708,83.497,10
3234,13,20,9,15,9,1:23.558,1:23.545,1:25.180,83.55799999999999,83.545,6
3235,13,17,9,14,10,1:23.755,1:23.273,1:25.314,83.755,83.273,11
3236,13,15,7,9,11,1:24.014,1:23.611,\N,84.014,83.611,15
3237,13,154,4,8,12,1:23.975,1:23.728,\N,83.975,83.72800000000001,13
3238,13,9,2,5,13,1:24.001,1:23.866,\N,84.001,83.866,14
3239,13,21,6,3,14,1:23.828,1:23.901,\N,83.828,83.901,12
3240,13,2,2,6,15,1:23.584,1:24.275,\N,83.584,84.275,9
3241,13,10,7,10,16,1:24.036,\N,\N,84.036,NA,16
3242,13,6,3,17,17,1:24.074,\N,\N,84.074,NA,17
3243,13,3,3,16,18,1:24.121,\N,\N,84.121,NA,18
3244,13,67,5,12,19,1:24.220,\N,\N,84.22,NA,19
3245,13,153,5,11,20,1:24.951,\N,\N,84.951,NA,20
3246,14,1,1,1,1,1:46.977,1:46.657,1:47.891,106.977,106.657,1
3247,14,20,9,15,2,1:47.541,1:46.362,1:48.204,107.541,106.362,7
3248,14,3,3,16,3,1:47.390,1:46.197,1:48.348,107.39,106.197,5
3249,14,17,9,14,4,1:47.646,1:46.328,1:48.722,107.646,106.328,11
3250,14,22,23,23,5,1:47.397,1:46.787,1:48.828,107.39699999999999,106.787,6
3251,14,4,4,7,6,1:47.757,1:46.767,1:49.054,107.757,106.767,14
3252,14,10,7,10,7,1:47.770,1:46.707,1:49.180,107.77000000000001,106.707,15
3253,14,2,2,6,8,1:47.347,1:46.832,1:49.307,107.34700000000001,106.832,4
3254,14,9,2,5,9,1:47.615,1:46.813,1:49.514,107.61500000000001,106.813,9
3255,14,5,1,2,10,1:47.542,1:46.842,1:49.778,107.542,106.842,8
3256,14,6,3,17,11,1:47.637,1:47.013,\N,107.637,107.013,10
3257,14,18,23,22,12,1:47.180,1:47.141,\N,107.18,107.14099999999999,2
3258,14,8,6,4,13,1:47.293,1:47.177,\N,107.293,107.17699999999999,3
3259,14,67,5,12,14,1:47.677,1:47.369,\N,107.67699999999999,107.369,12
3260,14,15,7,9,15,1:47.690,1:47.413,\N,107.69,107.413,13
3261,14,16,10,20,16,1:48.231,\N,\N,108.231,NA,16
3262,14,153,5,11,17,1:48.340,\N,\N,108.34,NA,17
3263,14,21,6,3,18,1:48.350,\N,\N,108.35,NA,18
3264,14,154,4,8,19,1:48.544,\N,\N,108.544,NA,19
3265,14,24,10,21,20,1:48.792,\N,\N,108.792,NA,20
3266,15,20,9,15,1,1:30.883,1:30.341,1:32.160,90.883,90.34100000000001,1
3267,15,15,7,9,2,1:31.063,1:30.737,1:32.220,91.063,90.737,4
3268,15,1,1,1,3,1:30.917,1:30.627,1:32.395,90.917,90.627,2
3269,15,16,10,20,4,1:31.386,1:31.222,1:32.466,91.386,91.22200000000001,9
3270,15,22,23,23,5,1:31.272,1:31.055,1:32.660,91.27199999999999,91.055,6
3271,15,2,2,6,6,1:31.501,1:31.260,1:32.945,91.501,91.26,13
3272,15,18,23,22,7,1:31.041,1:30.880,1:32.962,91.041,90.88,3
3273,15,8,6,4,8,1:31.288,1:31.052,1:32.980,91.288,91.05199999999999,8
3274,15,5,1,2,9,1:31.499,1:31.223,\N,91.499,91.223,12
3275,15,67,5,12,10,1:31.196,1:31.103,\N,91.196,91.10300000000001,5
3276,15,3,3,16,11,1:31.286,1:31.482,\N,91.286,91.482,7
3277,15,4,4,7,12,1:31.401,1:31.638,\N,91.401,91.638,10
3278,15,9,2,5,13,1:31.417,1:32.341,\N,91.417,92.34100000000001,11
3279,15,10,7,10,14,1:31.550,\N,\N,91.55,NA,14
3280,15,153,5,11,15,1:31.571,\N,\N,91.571,NA,15
3281,15,21,6,3,16,1:31.704,\N,\N,91.70400000000001,NA,16
3282,15,6,3,17,17,1:31.718,\N,\N,91.718,NA,17
3283,15,154,4,8,18,1:32.073,\N,\N,92.07300000000001,NA,18
3284,15,24,10,21,19,1:32.087,\N,\N,92.087,NA,19
3286,16,22,23,23,1,1:24.100,1:21.659,1:19.576,84.1,81.65899999999999,5
3287,16,17,9,14,2,1:24.722,1:20.803,1:19.668,84.72200000000001,80.803,13
3288,16,16,10,20,3,1:24.447,1:20.753,1:19.912,84.447,80.753,9
3289,16,15,7,9,4,1:24.621,1:20.635,1:20.097,84.621,80.635,11
3290,16,8,6,4,5,1:23.047,1:21.378,1:20.168,83.047,81.378,2
3291,16,67,5,12,6,1:24.591,1:20.701,1:20.250,84.59100000000001,80.701,10
3292,16,3,3,16,7,1:22.828,1:20.368,1:20.326,82.828,80.368,1
3293,16,9,2,5,8,1:23.072,1:21.147,1:20.631,83.072,81.14699999999999,3
3294,16,6,3,17,9,1:23.161,1:20.427,1:20.674,83.161,80.42699999999999,4
3295,16,4,4,7,10,1:24.842,1:21.657,1:21.422,84.842,81.657,15
3296,16,155,7,10,11,1:24.335,1:21.960,\N,84.33500000000001,81.96000000000001,7
3297,16,153,5,11,12,1:24.773,1:22.231,\N,84.773,82.231,14
3298,16,154,4,8,13,1:24.394,1:22.477,\N,84.394,82.477,8
3299,16,18,23,22,14,1:24.297,1:22.504,\N,84.297,82.504,6
3300,16,24,10,21,15,1:24.645,\N,\N,84.645,NA,12
3301,16,20,9,15,16,1:25.009,\N,\N,85.009,NA,16
3302,16,5,1,2,17,1:25.052,\N,\N,85.05199999999999,NA,17
3303,16,1,1,1,18,1:25.192,\N,\N,85.19200000000001,NA,18
3304,16,2,2,6,19,1:25.515,\N,\N,85.515,NA,19
3305,16,21,6,3,20,1:40.703,\N,\N,100.703,NA,20
3306,17,1,1,1,1,1:39.873,1:39.695,1:40.948,99.87299999999999,99.695,1
3307,17,20,9,15,2,1:40.666,1:39.984,1:41.615,100.666,99.98400000000001,7
3308,17,17,9,14,3,1:40.667,1:40.272,1:41.726,100.667,100.27199999999999,8
3309,17,22,23,23,4,1:40.574,1:40.421,1:41.786,100.574,100.42099999999999,6
3310,17,18,23,22,5,1:40.378,1:40.148,1:41.892,100.378,100.148,2
3311,17,15,7,9,6,1:40.517,1:40.373,1:41.897,100.517,100.37299999999999,3
3312,17,9,2,5,7,1:40.520,1:40.545,1:41.992,100.52000000000001,100.545,4
3313,17,2,2,6,8,1:40.558,1:40.635,1:42.343,100.55799999999999,100.63499999999999,5
3314,17,3,3,16,9,1:40.842,1:40.661,1:42.583,100.842,100.661,10
3315,17,67,5,12,10,1:40.908,1:40.430,1:42.713,100.908,100.43,11
3316,17,8,6,4,11,1:41.100,1:40.726,\N,101.1,100.726,14
3317,17,155,7,10,12,1:41.035,1:40.777,\N,101.035,100.777,12
3318,17,5,1,2,13,1:40.808,1:40.983,\N,100.80799999999999,100.983,9
3319,17,6,3,17,14,1:41.096,1:41.148,\N,101.096,101.148,13
3320,17,153,5,11,15,1:41.503,1:41.689,\N,101.503,101.689,15
3321,17,4,4,7,16,1:41.667,\N,\N,101.667,NA,16
3322,17,24,10,21,17,1:41.701,\N,\N,101.701,NA,17
3323,17,16,10,20,18,1:41.836,\N,\N,101.836,NA,18
3324,17,154,4,8,19,1:41.950,\N,\N,101.95,NA,19
3325,17,21,6,3,20,1:42.184,\N,\N,102.184,NA,20
3326,337,20,9,5,1,1:55.029,1:53.883,1:54.101,115.029,113.88300000000001,2
3327,337,13,6,7,2,1:55.313,1:54.331,1:54.242,115.313,114.331,5
3328,337,4,6,8,3,1:54.612,1:54.172,1:54.608,114.612,114.172,1
3329,337,1,1,2,4,1:55.341,1:54.707,1:55.217,115.34100000000001,114.707,6
3330,337,3,131,4,5,1:55.463,1:54.682,1:55.241,115.463,114.682,7
3331,337,17,9,6,6,1:55.298,1:54.318,1:55.284,115.298,114.318,4
3332,337,30,131,3,7,1:55.593,1:55.105,1:55.524,115.593,115.10499999999999,9
3333,337,18,1,1,8,1:55.715,1:55.168,1:55.672,115.715,115.168,11
3334,337,9,4,11,9,1:55.511,1:54.963,1:55.885,115.511,114.963,8
3335,337,16,10,14,10,1:55.213,1:54.996,1:56.309,115.213,114.99600000000001,3
3336,337,22,3,9,11,1:55.969,1:55.330,\N,115.969,115.33,12
3337,337,24,10,15,12,1:55.628,1:55.623,\N,115.628,115.62299999999999,10
3338,337,807,3,10,13,1:56.375,1:55.857,\N,116.375,115.857,15
3339,337,37,15,22,14,1:56.428,1:56.237,\N,116.428,116.237,16
3340,337,67,5,16,15,1:56.189,1:56.265,\N,116.189,116.265,14
3341,337,155,15,23,16,1:56.541,1:56.270,\N,116.541,116.27000000000001,17
3342,337,808,4,12,17,1:56.167,1:56.619,\N,116.167,116.619,13
3343,337,153,5,17,18,1:57.071,\N,\N,117.071,NA,18
3344,337,10,166,24,19,1:59.728,\N,\N,119.72800000000001,NA,19
3345,337,15,205,18,20,1:59.852,\N,\N,119.852,NA,20
3346,337,5,205,19,21,2:00.313,\N,\N,120.313,NA,21
3347,337,810,166,25,22,2:00.587,\N,\N,120.587,NA,22
3348,337,811,164,21,23,2:03.204,\N,\N,123.204,NA,23
3349,337,812,164,20,24,2:04.904,\N,\N,124.904,NA,24
3350,338,20,9,5,1,1:24.774,1:24.096,1:23.919,84.774,84.096,1
3351,338,17,9,6,2,1:25.286,1:24.276,1:24.035,85.286,84.276,6
3352,338,4,6,8,3,1:25.082,1:24.335,1:24.111,85.082,84.33500000000001,5
3353,338,18,1,1,4,1:24.897,1:24.531,1:24.675,84.89699999999999,84.531,3
3354,338,13,6,7,5,1:25.548,1:25.010,1:24.837,85.548,85.01,9
3355,338,3,131,4,6,1:24.788,1:24.788,1:24.884,84.788,84.788,2
3356,338,30,131,3,7,1:25.351,1:24.871,1:24.927,85.351,84.871,7
3357,338,22,3,9,8,1:25.702,1:25.085,1:25.217,85.702,85.08500000000001,11
3358,338,9,4,11,9,1:25.588,1:25.122,1:25.372,85.588,85.122,10
3359,338,16,10,14,10,1:25.504,1:25.046,1:26.036,85.504,85.04599999999999,8
3360,338,1,1,2,11,1:25.046,1:25.184,\N,85.04599999999999,85.184,4
3361,338,67,5,16,12,1:26.061,1:25.638,\N,86.061,85.638,13
3362,338,24,10,15,13,1:26.170,1:25.743,\N,86.17,85.743,16
3363,338,37,15,22,14,1:26.089,1:25.747,\N,86.089,85.747,14
3364,338,807,3,10,15,1:25.866,1:25.748,\N,85.866,85.748,12
3365,338,155,15,23,16,1:26.251,1:25.777,\N,86.251,85.777,17
3366,338,153,5,17,17,1:26.095,1:26.089,\N,86.095,86.089,15
3367,338,808,4,12,18,1:26.471,\N,\N,86.471,NA,18
3368,338,5,205,19,19,1:28.797,\N,\N,88.797,NA,19
3369,338,15,205,18,20,1:29.111,\N,\N,89.111,NA,20
3370,338,10,166,24,21,1:29.592,\N,\N,89.592,NA,21
3371,338,810,166,25,22,1:30.185,\N,\N,90.185,NA,22
3372,338,811,164,21,23,1:30.526,\N,\N,90.526,NA,23
3373,338,812,164,20,24,1:30.613,\N,\N,90.613,NA,24
3374,339,17,9,6,1,1:51.886,1:48.210,1:49.327,111.886,108.21000000000001,12
3375,339,3,131,4,2,1:52.560,1:47.417,1:50.673,112.56,107.417,16
3376,339,20,9,5,3,1:47.632,1:46.828,1:50.789,107.632,106.828,3
3377,339,16,10,14,4,1:49.479,1:47.085,1:50.914,109.479,107.08500000000001,8
3378,339,807,3,10,5,1:49.664,1:47.346,1:51.001,109.664,107.346,9
3379,339,9,4,11,6,1:46.283,1:46.951,1:51.051,106.283,106.951,1
3380,339,22,3,9,7,1:50.301,1:48.371,1:51.511,110.301,108.37100000000001,11
3381,339,30,131,3,8,1:52.239,1:48.400,1:51.717,112.239,108.4,14
3382,339,155,15,23,9,1:48.467,1:47.792,1:51.767,108.467,107.792,5
3383,339,24,10,15,10,1:49.922,1:48.238,1:52.254,109.922,108.238,10
3384,339,808,4,12,11,1:47.952,1:48.760,\N,107.952,108.75999999999999,4
3385,339,37,15,22,12,1:47.153,1:48.771,\N,107.15299999999999,108.771,2
3386,339,67,5,16,13,1:48.945,1:49.207,\N,108.945,109.207,7
3387,339,153,5,17,14,1:48.655,1:49.464,\N,108.655,109.464,6
3388,339,5,205,19,15,1:52.875,1:52.270,\N,112.875,112.27000000000001,17
3389,339,10,166,24,16,1:52.398,1:52.520,\N,112.398,112.52000000000001,15
3390,339,18,1,1,17,1:52.211,\N,\N,112.211,NA,13
3391,339,15,205,18,18,1:52.884,\N,\N,112.884,NA,18
3392,339,4,6,8,19,1:53.044,\N,\N,113.044,NA,19
3393,339,1,1,2,20,1:53.050,\N,\N,113.05,NA,20
3394,339,13,6,7,21,1:53.283,\N,\N,113.283,NA,21
3395,339,812,164,20,22,1:56.299,\N,\N,116.299,NA,22
3396,339,811,164,21,23,1:57.269,\N,\N,117.269,NA,23
3397,339,810,166,25,24,1:59.977,\N,\N,119.977,NA,24
3398,340,20,9,5,1,1:36.317,1:35.280,1:34.558,96.31700000000001,95.28,7
3399,340,17,9,6,2,1:35.978,1:35.100,1:34.808,95.97800000000001,95.1,3
3400,340,4,6,8,3,1:35.987,1:35.235,1:34.913,95.987,95.235,4
3401,340,3,131,4,4,1:35.952,1:35.134,1:34.923,95.952,95.134,2
3402,340,18,1,1,5,1:36.122,1:35.443,1:34.979,96.122,95.443,6
3403,340,1,1,2,6,1:35.641,1:34.928,1:35.034,95.64099999999999,94.928,1
3404,340,13,6,7,7,1:36.076,1:35.290,1:35.180,96.076,95.28999999999999,5
3405,340,9,4,11,8,1:36.348,1:35.550,1:35.364,96.348,95.55,8
3406,340,30,131,3,9,1:36.484,1:35.715,1:35.646,96.48400000000001,95.715,9
3407,340,16,10,14,10,1:36.671,1:35.665,1:35.963,96.67099999999999,95.66499999999999,12
3408,340,22,3,9,11,1:36.664,1:35.748,\N,96.664,95.74799999999999,11
3409,340,153,5,17,12,1:36.618,1:36.047,\N,96.618,96.047,10
3410,340,67,5,16,13,1:36.793,1:36.149,\N,96.793,96.149,13
3411,340,808,4,12,14,1:37.031,1:36.311,\N,97.031,96.311,14
3412,340,155,15,23,15,1:37.044,1:36.422,\N,97.044,96.422,15
3413,340,807,3,10,16,1:37.049,1:36.647,\N,97.049,96.64699999999999,16
3414,340,37,15,22,17,1:37.050,1:37.020,\N,97.05,97.02000000000001,17
3415,340,24,10,15,18,1:37.161,\N,\N,97.161,NA,18
3416,340,10,166,24,19,1:39.278,\N,\N,99.27799999999999,NA,19
3417,340,15,205,18,20,1:39.399,\N,\N,99.399,NA,20
3418,340,5,205,19,21,1:39.520,\N,\N,99.52000000000001,NA,21
3419,340,810,166,25,22,1:39.783,\N,\N,99.783,NA,22
3420,340,811,164,21,23,1:40.469,\N,\N,100.469,NA,23
3421,340,812,164,20,24,1:40.578,\N,\N,100.578,NA,24
3422,341,17,9,6,1,1:21.412,1:20.655,1:19.995,81.412,80.655,1
3423,341,20,9,5,2,1:21.680,1:20.772,1:20.101,81.68,80.77199999999999,2
3424,341,1,1,2,3,1:21.723,1:21.415,1:20.829,81.723,81.41499999999999,3
3425,341,4,6,8,4,1:21.957,1:21.549,1:20.937,81.957,81.549,5
3426,341,18,1,1,5,1:21.915,1:21.168,1:20.991,81.91499999999999,81.168,4
3427,341,30,131,3,6,1:22.528,1:21.557,1:21.294,82.52799999999999,81.557,9
3428,341,9,4,11,7,1:22.488,1:21.599,1:21.353,82.488,81.599,8
3429,341,3,131,4,8,1:22.419,1:21.867,1:21.408,82.419,81.867,7
3430,341,13,6,7,9,1:22.564,1:21.841,1:21.585,82.564,81.84100000000001,10
3431,341,155,15,23,10,1:22.577,1:21.725,1:21.984,82.577,81.725,11
3432,341,16,10,14,11,1:22.628,1:21.985,\N,82.628,81.985,13
3433,341,37,15,22,12,1:22.211,1:22.026,\N,82.211,82.026,6
3434,341,807,3,10,13,1:22.857,1:22.131,\N,82.857,82.131,15
3435,341,808,4,12,14,1:22.976,1:22.139,\N,82.976,82.139,16
3436,341,67,5,16,15,1:22.699,1:22.191,\N,82.699,82.191,14
3437,341,153,5,17,16,1:22.593,1:22.207,\N,82.593,82.207,12
3438,341,24,10,15,17,1:23.084,1:22.854,\N,83.084,82.854,17
3439,341,22,3,9,18,1:23.125,\N,\N,83.125,NA,18
3440,341,15,205,18,19,1:24.674,\N,\N,84.674,NA,19
3441,341,5,205,19,20,1:24.748,\N,\N,84.748,NA,20
3442,341,10,166,24,21,1:25.475,\N,\N,85.475,NA,21
3443,341,810,166,25,22,1:25.556,\N,\N,85.556,NA,22
3444,341,812,164,20,23,1:26.750,\N,\N,86.75,NA,23
3445,341,811,164,21,24,1:27.122,\N,\N,87.122,NA,24
3446,342,17,9,6,1,1:15.035,1:14.462,1:13.826,75.035,74.462,2
3447,342,9,4,11,2,1:15.045,1:14.549,1:14.120,75.045,74.549,3
3448,342,20,9,5,3,1:15.110,1:14.568,1:14.227,75.11,74.568,4
3449,342,13,6,7,4,1:14.757,1:14.405,1:14.283,74.757,74.405,1
3450,342,1,1,2,5,1:15.676,1:14.527,1:14.432,75.676,74.527,12
3451,342,3,131,4,6,1:15.188,1:14.375,1:14.544,75.188,74.375,5
3452,342,30,131,3,7,1:15.649,1:14.691,1:14.590,75.649,74.691,11
3453,342,18,1,1,8,1:15.623,1:15.150,1:14.637,75.623,75.15,10
3454,342,22,3,9,9,1:15.590,1:15.083,1:14.901,75.59,75.083,9
3455,342,24,10,15,10,1:15.397,1:15.061,1:15.170,75.397,75.061,6
3456,342,807,3,10,11,1:16.030,1:15.317,\N,76.03,75.31700000000001,16
3457,342,16,10,14,12,1:15.445,1:15.318,\N,75.445,75.318,7
3458,342,67,5,16,13,1:15.961,1:15.413,\N,75.961,75.413,14
3459,342,808,4,12,14,1:15.482,1:15.576,\N,75.482,75.576,8
3460,342,37,15,22,15,1:15.908,1:15.692,\N,75.908,75.69200000000001,13
3461,342,155,15,23,16,1:16.175,1:15.992,\N,76.175,75.992,17
3462,342,153,5,17,17,1:16.021,1:16.176,\N,76.021,76.176,15
3463,342,5,205,19,18,1:17.094,\N,\N,77.094,NA,18
3464,342,15,205,18,19,1:17.134,\N,\N,77.134,NA,19
3465,342,10,166,24,20,1:17.377,\N,\N,77.377,NA,20
3466,342,810,166,25,21,1:17.864,\N,\N,77.864,NA,21
3467,342,811,164,21,22,1:18.509,\N,\N,78.509,NA,22
3468,342,812,164,20,23,1:19.559,\N,\N,79.559,NA,23
3470,343,17,9,6,1,1:27.500,1:26.818,1:26.295,87.5,86.818,2
3471,343,1,1,2,2,1:27.667,1:27.013,1:26.433,87.667,87.013,6
3472,343,20,9,5,3,1:27.067,1:26.729,1:26.760,87.06700000000001,86.729,1
3473,343,18,1,1,4,1:27.555,1:27.277,1:26.781,87.555,87.277,3
3474,343,30,131,3,5,1:27.756,1:27.438,1:26.857,87.756,87.438,7
3475,343,3,131,4,6,1:27.649,1:27.141,1:26.952,87.649,87.14099999999999,5
3476,343,9,4,11,7,1:27.766,1:27.426,1:27.039,87.76599999999999,87.426,8
3477,343,13,6,7,8,1:27.993,1:27.200,1:27.082,87.993,87.2,11
3478,343,808,4,12,9,1:27.620,1:27.387,1:27.430,87.62,87.387,4
3479,343,155,15,23,10,1:28.158,1:27.434,1:28.122,88.158,87.434,13
3480,343,16,10,14,11,1:27.951,1:27.525,\N,87.951,87.525,10
3481,343,4,6,8,12,1:27.857,1:27.612,\N,87.857,87.612,9
3482,343,37,15,22,13,1:28.147,1:27.879,\N,88.14699999999999,87.879,12
3483,343,67,5,16,14,1:28.534,1:28.273,\N,88.53399999999999,88.273,17
3484,343,22,3,9,15,1:28.336,1:28.392,\N,88.336,88.392,15
3485,343,153,5,17,16,1:28.460,1:28.540,\N,88.46000000000001,88.53999999999999,16
3486,343,807,3,10,17,1:28.227,1:28.841,\N,88.227,88.84100000000001,14
3487,343,24,10,15,18,1:28.958,\N,\N,88.958,NA,18
3488,343,15,205,18,19,1:30.237,\N,\N,90.237,NA,19
3489,343,5,205,19,20,1:30.519,\N,\N,90.519,NA,20
3490,343,10,166,24,21,1:30.744,\N,\N,90.744,NA,21
3491,343,811,164,21,22,1:31.266,\N,\N,91.26599999999999,NA,22
3492,343,810,166,25,23,1:31.989,\N,\N,91.989,NA,23
3493,343,812,164,20,24,1:32.060,\N,\N,92.06,NA,24
3494,344,1,1,2,1,1:15.889,1:15.528,1:15.105,75.889,75.528,1
3495,344,17,9,6,2,1:16.423,1:15.692,1:15.373,76.423,75.69200000000001,7
3496,344,20,9,5,3,1:16.129,1:15.556,1:15.420,76.129,75.556,2
3497,344,4,6,8,4,1:16.171,1:15.597,1:15.435,76.17099999999999,75.597,3
3498,344,18,1,1,5,1:16.371,1:15.742,1:15.520,76.371,75.742,6
3499,344,24,10,15,6,1:17.086,1:16.171,1:15.648,77.086,76.17099999999999,15
3500,344,13,6,7,7,1:16.673,1:16.314,1:15.688,76.673,76.314,11
3501,344,9,4,11,8,1:16.370,1:15.682,1:15.715,76.37,75.682,5
3502,344,16,10,14,9,1:16.495,1:16.295,1:15.881,76.495,76.295,8
3503,344,3,131,4,10,1:16.350,1:16.001,1:16.071,76.35,76.001,4
3504,344,22,3,9,11,1:16.880,1:16.434,\N,76.88,76.434,13
3505,344,807,3,10,12,1:16.770,1:16.438,\N,76.77,76.438,12
3506,344,30,131,3,13,1:16.598,1:16.492,\N,76.598,76.492,10
3507,344,808,4,12,14,1:16.569,1:16.844,\N,76.569,76.844,9
3508,344,67,5,16,15,1:17.356,1:16.928,\N,77.356,76.928,16
3509,344,153,5,17,16,1:17.027,1:17.029,\N,77.027,77.029,14
3510,344,37,15,22,17,1:17.611,1:17.384,\N,77.611,77.384,17
3511,344,155,15,23,18,1:18.019,\N,\N,78.019,NA,18
3512,344,5,205,19,19,1:18.237,\N,\N,78.237,NA,19
3513,344,15,205,18,20,1:18.698,\N,\N,78.69800000000001,NA,20
3514,344,10,166,24,21,1:18.941,\N,\N,78.941,NA,21
3515,344,811,164,21,22,1:19.484,\N,\N,79.48400000000001,NA,22
3516,344,810,166,25,23,1:19.675,\N,\N,79.675,NA,23
3517,344,812,164,20,24,1:27.757,\N,\N,87.757,NA,24
3518,345,20,9,5,1,1:38.324,1:38.015,1:37.587,98.324,98.015,2
3519,345,17,9,6,2,1:38.549,1:38.041,1:37.662,98.549,98.041,6
3520,345,1,1,2,3,1:38.697,1:38.158,1:37.969,98.697,98.158,8
3521,345,4,6,8,4,1:38.472,1:38.179,1:38.075,98.47200000000001,98.179,5
3522,345,13,6,7,5,1:38.657,1:38.046,1:38.127,98.657,98.04599999999999,7
3523,345,9,4,11,6,1:38.132,1:38.062,1:38.137,98.132,98.062,1
3524,345,18,1,1,7,1:38.360,1:38.399,1:38.210,98.36,98.399,3
3525,345,807,3,10,8,1:38.843,1:38.523,1:38.428,98.843,98.523,10
3526,345,22,3,9,9,1:38.449,1:38.326,1:38.428,98.449,98.326,4
3527,345,808,4,12,10,1:39.004,1:38.552,1:38.523,99.00399999999999,98.55199999999999,14
3528,345,67,5,16,11,1:39.096,1:38.586,\N,99.096,98.586,16
3529,345,3,131,4,12,1:38.752,1:38.627,\N,98.75200000000001,98.62700000000001,9
3530,345,16,10,14,13,1:39.021,1:38.851,\N,99.021,98.851,15
3531,345,24,10,15,14,1:38.969,1:38.884,\N,98.969,98.884,11
3532,345,30,131,3,15,1:38.994,1:39.234,\N,98.994,99.23400000000001,12
3533,345,37,15,22,16,1:39.003,1:39.264,\N,99.003,99.26400000000001,13
3534,345,153,5,17,17,1:39.128,1:39.458,\N,99.128,99.458,17
3535,345,155,15,23,18,1:39.343,\N,\N,99.343,NA,18
3536,345,15,205,18,19,1:40.658,\N,\N,100.658,NA,19
3537,345,5,205,19,20,1:40.882,\N,\N,100.882,NA,20
3538,345,810,166,25,21,1:42.086,\N,\N,102.086,NA,21
3539,345,10,166,24,22,1:42.140,\N,\N,102.14,NA,22
3540,345,812,164,20,23,1:42.600,\N,\N,102.6,NA,23
3541,345,811,164,21,24,1:42.851,\N,\N,102.851,NA,24
3542,346,20,9,5,1,1:30.841,1:30.480,1:29.615,90.84100000000001,90.48,1
3543,346,17,9,6,2,1:30.858,1:30.114,1:29.758,90.858,90.114,2
3544,346,4,6,8,3,1:30.997,1:30.700,1:30.426,90.997,90.7,3
3545,346,1,1,2,4,1:31.297,1:31.118,1:30.556,91.297,91.118,5
3546,346,3,131,4,5,1:31.626,1:31.085,1:30.625,91.626,91.08500000000001,10
3547,346,9,4,11,6,1:31.680,1:31.344,1:31.040,91.68,91.344,12
3548,346,13,6,7,7,1:31.313,1:31.010,1:31.172,91.313,91.01,6
3549,346,22,3,9,8,1:31.424,1:31.126,1:31.175,91.424,91.126,7
3550,346,37,15,22,9,1:31.533,1:31.327,1:31.274,91.533,91.327,9
3551,346,30,131,3,10,1:32.058,1:31.022,1:31.430,92.05799999999999,91.02199999999999,15
3552,346,16,10,14,11,1:31.109,1:31.399,\N,91.10900000000001,91.399,4
3553,346,155,15,23,12,1:31.851,1:31.421,\N,91.851,91.42099999999999,13
3554,346,807,3,10,13,1:32.144,1:31.635,\N,92.144,91.635,16
3555,346,18,1,1,14,1:31.435,1:31.699,\N,91.435,91.699,8
3556,346,24,10,15,15,1:32.226,1:31.708,\N,92.226,91.708,17
3557,346,808,4,12,16,1:31.638,1:31.796,\N,91.638,91.79599999999999,11
3558,346,67,5,16,17,1:31.901,1:32.012,\N,91.901,92.012,14
3559,346,153,5,17,18,1:32.430,\N,\N,92.43,NA,18
3560,346,5,205,19,19,1:34.405,\N,\N,94.405,NA,19
3561,346,10,166,24,20,1:34.775,\N,\N,94.775,NA,20
3562,346,15,205,18,21,1:34.864,\N,\N,94.864,NA,21
3563,346,810,166,25,22,1:35.212,\N,\N,95.212,NA,22
3564,346,812,164,20,23,1:36.576,\N,\N,96.576,NA,23
3565,346,29,164,21,24,1:36.968,\N,\N,96.968,NA,24
3566,347,20,9,5,1,1:15.152,1:14.249,1:13.791,75.152,74.249,2
3567,347,4,6,8,2,1:14.808,1:14.081,1:13.793,74.80799999999999,74.081,1
3568,347,13,6,7,3,1:15.216,1:14.478,1:14.290,75.216,74.478,3
3569,347,17,9,6,4,1:15.334,1:14.340,1:14.347,75.334,74.34,4
3570,347,18,1,1,5,1:15.823,1:14.716,1:14.427,75.82300000000001,74.716,7
3571,347,1,1,2,6,1:15.505,1:14.488,1:14.566,75.505,74.488,5
3572,347,9,4,11,7,1:15.736,1:14.835,1:15.079,75.736,74.83500000000001,6
3573,347,22,3,9,8,1:16.398,1:14.698,1:15.109,76.398,74.69800000000001,14
3574,347,3,131,4,9,1:16.178,1:15.018,1:15.179,76.178,75.018,11
3575,347,807,3,10,10,1:16.387,1:14.943,1:15.339,76.387,74.943,13
3576,347,30,131,3,11,1:16.084,1:15.026,\N,76.084,75.026,10
3577,347,155,15,23,12,1:15.951,1:15.084,\N,75.951,75.084,8
3578,347,808,4,12,13,1:16.521,1:15.307,\N,76.521,75.307,16
3579,347,16,10,14,14,1:16.220,1:15.467,\N,76.22,75.467,12
3580,347,37,15,22,15,1:16.450,1:15.550,\N,76.45,75.55,15
3581,347,153,5,17,16,1:16.664,1:15.588,\N,76.664,75.588,17
3582,347,67,5,16,17,1:16.029,1:15.974,\N,76.029,75.974,9
3583,347,15,205,18,18,1:17.583,\N,\N,77.583,NA,18
3584,347,5,205,19,19,1:18.300,\N,\N,78.3,NA,19
3585,347,10,166,24,20,1:18.343,\N,\N,78.343,NA,20
3586,347,811,164,21,21,1:18.592,\N,\N,78.592,NA,21
3587,347,24,10,15,22,1:18.952,\N,\N,78.952,NA,22
3588,347,29,164,20,23,1:19.844,\N,\N,79.844,NA,23
3590,348,20,9,5,1,1:20.417,1:19.573,1:18.773,80.417,79.57300000000001,1
3591,348,17,9,6,2,1:21.132,1:19.531,1:19.184,81.132,79.531,2
3592,348,4,6,8,3,1:21.278,1:20.237,1:19.987,81.27799999999999,80.237,5
3593,348,13,6,7,4,1:21.299,1:20.857,1:20.331,81.299,80.857,6
3594,348,1,1,2,5,1:21.455,1:20.877,1:20.499,81.455,80.877,8
3595,348,3,131,4,6,1:21.212,1:20.811,1:21.082,81.212,80.811,4
3596,348,808,4,12,7,1:21.558,1:20.797,1:21.229,81.55799999999999,80.797,10
3597,348,9,4,11,8,1:21.159,1:20.867,1:21.328,81.15899999999999,80.867,3
3598,348,37,15,22,9,1:21.891,1:21.273,1:21.411,81.89099999999999,81.273,14
3599,348,807,3,10,10,1:21.598,1:21.275,1:21.710,81.598,81.275,11
3600,348,18,1,1,11,1:21.422,1:21.292,\N,81.422,81.292,7
3601,348,22,3,9,12,1:21.478,1:21.331,\N,81.47800000000001,81.331,9
3602,348,16,10,14,13,1:22.080,1:21.517,\N,82.08,81.517,17
3603,348,30,131,3,14,1:21.840,1:21.630,\N,81.84,81.63,13
3604,348,67,5,16,15,1:21.982,1:21.897,\N,81.982,81.89699999999999,16
3605,348,24,10,15,16,1:21.789,1:21.927,\N,81.789,81.92699999999999,12
3606,348,153,5,17,17,1:21.978,1:21.998,\N,81.97800000000001,81.998,15
3607,348,155,15,23,18,1:22.222,\N,\N,82.22200000000001,NA,18
3608,348,10,166,24,19,1:24.050,\N,\N,84.05,NA,19
3609,348,5,205,19,20,1:24.120,\N,\N,84.12,NA,20
3610,348,15,205,18,21,1:24.199,\N,\N,84.199,NA,21
3611,348,810,166,25,22,1:25.118,\N,\N,85.118,NA,22
3612,348,811,164,21,23,1:26.391,\N,\N,86.39099999999999,NA,23
3613,348,29,164,20,24,1:26.453,\N,\N,86.453,NA,24
3614,349,17,9,6,1,1:57.352,1:47.253,1:45.778,117.352,107.253,8
3615,349,1,1,2,2,1:56.706,1:46.211,1:45.863,116.706,106.211,6
3616,349,9,4,11,3,1:56.041,1:47.320,1:46.100,116.041,107.32,4
3617,349,20,9,5,4,1:58.487,1:47.245,1:46.127,118.487,107.245,11
3618,349,18,1,1,5,1:57.981,1:46.790,1:46.206,117.981,106.78999999999999,9
3619,349,13,6,7,6,1:58.323,1:47.322,1:46.314,118.32300000000001,107.322,10
3620,349,22,3,9,7,1:55.757,1:47.797,1:46.602,115.757,107.797,3
3621,349,16,10,14,8,1:58.730,1:47.292,1:46.659,118.72999999999999,107.292,12
3622,349,807,3,10,9,1:55.442,1:47.821,1:47.053,115.44200000000001,107.821,2
3623,349,4,6,8,10,1:57.023,1:47.544,1:47.441,117.023,107.544,7
3624,349,30,131,3,11,1:56.313,1:47.874,\N,116.313,107.874,5
3625,349,3,131,4,12,1:54.826,1:47.885,\N,114.826,107.88499999999999,1
3626,349,153,5,17,13,1:58.944,1:48.267,\N,118.944,108.267,13
3627,349,24,10,15,14,2:01.102,1:48.680,\N,121.102,108.68,15
3628,349,67,5,16,15,2:00.386,1:49.209,\N,120.386,109.209,14
3629,349,5,205,19,16,2:01.343,1:50.980,\N,121.343,110.97999999999999,17
3630,349,10,166,24,17,2:01.316,1:52.049,\N,121.316,112.049,16
3631,349,15,205,18,18,2:01.491,\N,\N,121.491,NA,18
3632,349,155,15,23,19,2:02.284,\N,\N,122.284,NA,19
3633,349,811,164,21,20,2:03.612,\N,\N,123.612,NA,20
3634,349,29,164,20,21,2:03.941,\N,\N,123.941,NA,21
3635,349,37,15,22,22,2:05.294,\N,\N,125.294,NA,22
3636,349,810,166,25,23,2:18.754,\N,\N,138.754,NA,23
3638,350,4,6,8,1,1:22.646,1:22.297,1:21.962,82.646,82.297,2
3639,350,18,1,1,2,1:23.085,1:22.354,1:22.084,83.08500000000001,82.354,4
3640,350,13,6,7,3,1:22.421,1:22.610,1:22.293,82.42099999999999,82.61,1
3641,350,17,9,6,4,1:23.431,1:22.706,1:22.433,83.431,82.706,7
3642,350,1,1,2,5,1:22.830,1:22.394,1:22.623,82.83,82.394,3
3643,350,20,9,5,6,1:23.235,1:22.701,1:22.675,83.235,82.701,6
3644,350,3,131,4,7,1:23.529,1:23.055,1:23.027,83.529,83.055,10
3645,350,807,3,10,8,1:23.516,1:22.989,1:23.037,83.51599999999999,82.989,9
3646,350,9,4,11,9,1:23.234,1:22.880,1:23.039,83.23400000000001,82.88,5
3647,350,22,3,9,10,1:23.695,1:23.142,1:23.328,83.695,83.142,11
3648,350,16,10,14,11,1:23.493,1:23.199,\N,83.493,83.199,8
3649,350,30,131,3,12,1:23.840,1:23.388,\N,83.84,83.388,13
3650,350,155,15,23,13,1:24.273,1:23.659,\N,84.273,83.65899999999999,16
3651,350,67,5,16,14,1:23.744,1:23.681,\N,83.744,83.681,12
3652,350,808,4,12,15,1:24.086,1:23.819,\N,84.086,83.819,15
3653,350,153,5,17,16,1:24.083,1:23.919,\N,84.083,83.919,14
3654,350,37,15,22,17,1:24.442,1:24.044,\N,84.44200000000001,84.044,17
3655,350,15,205,18,18,1:25.540,\N,\N,85.53999999999999,NA,18
3656,350,5,205,19,19,1:25.742,\N,\N,85.742,NA,19
3657,350,24,10,15,20,1:25.774,\N,\N,85.774,NA,20
3658,350,10,166,24,21,1:25.934,\N,\N,85.934,NA,21
3659,350,810,166,25,22,1:25.974,\N,\N,85.974,NA,22
3660,350,811,164,21,23,1:26.847,\N,\N,86.84700000000001,NA,23
3661,350,29,164,20,24,1:27.020,\N,\N,87.02,NA,24
3662,351,4,6,8,1,1:46.541,1:45.809,1:45.390,106.541,105.809,1
3663,351,20,9,5,2,1:46.960,1:45.561,1:45.457,106.96000000000001,105.561,2
3664,351,1,1,2,3,1:48.296,1:46.042,1:45.571,108.29599999999999,106.042,9
3665,351,18,1,1,4,1:48.032,1:46.490,1:45.944,108.032,106.49000000000001,6
3666,351,17,9,6,5,1:47.088,1:45.908,1:45.977,107.088,105.908,3
3667,351,22,3,9,6,1:48.183,1:47.019,1:46.236,108.18299999999999,107.019,8
3668,351,3,131,4,7,1:48.554,1:46.783,1:46.443,108.554,106.783,12
3669,351,9,4,11,8,1:47.657,1:46.949,1:46.593,107.657,106.949,4
3670,351,30,131,3,9,1:48.425,1:47.160,1:46.702,108.425,107.16,10
3671,351,155,15,23,10,1:48.908,1:47.559,1:47.884,108.908,107.559,15
3672,351,153,5,17,11,1:48.127,1:47.666,\N,108.12700000000001,107.666,7
3673,351,807,3,10,12,1:47.984,1:47.674,\N,107.98400000000001,107.674,5
3674,351,808,4,12,13,1:48.906,1:48.165,\N,108.906,108.16499999999999,14
3675,351,67,5,16,14,1:49.063,1:48.502,\N,109.063,108.50200000000001,17
3676,351,2,15,22,15,1:48.696,1:48.557,\N,108.696,108.557,13
3677,351,16,10,14,16,1:48.496,1:48.899,\N,108.49600000000001,108.899,11
3678,351,24,10,15,17,1:48.988,1:48.961,\N,108.988,108.961,16
3679,351,10,166,24,18,1:50.271,\N,\N,110.271,NA,18
3680,351,5,205,19,19,1:50.915,\N,\N,110.91499999999999,NA,19
3681,351,810,166,25,20,1:51.107,\N,\N,111.107,NA,20
3682,351,15,205,18,21,1:51.641,\N,\N,111.64099999999999,NA,21
3683,351,32,164,20,22,1:52.946,\N,\N,112.946,NA,22
3684,351,811,164,21,23,1:54.174,\N,\N,114.174,NA,23
3686,352,20,9,5,1,1:32.035,1:31.184,1:30.785,92.035,91.184,1
3687,352,17,9,6,2,1:32.476,1:31.241,1:30.853,92.476,91.241,5
3688,352,1,1,2,3,1:32.809,1:31.523,1:31.169,92.809,91.523,12
3689,352,9,4,11,4,1:32.808,1:32.042,1:31.231,92.80799999999999,92.042,11
3690,352,4,6,8,5,1:32.555,1:31.819,1:31.352,92.555,91.819,7
3691,352,18,1,1,6,1:32.636,1:31.763,1:31.378,92.636,91.763,8
3692,352,3,131,4,7,1:32.238,1:31.886,1:31.494,92.238,91.886,3
3693,352,22,3,9,8,1:32.361,1:31.874,1:31.535,92.36099999999999,91.874,4
3694,352,807,3,10,9,1:32.211,1:31.926,1:31.559,92.211,91.926,2
3695,352,30,131,3,10,1:32.513,1:32.073,1:31.846,92.513,92.07300000000001,6
3696,352,2,15,22,11,1:33.011,1:32.187,\N,93.011,92.187,14
3697,352,13,6,7,12,1:32.721,1:32.321,\N,92.721,92.321,9
3698,352,808,4,12,13,1:32.849,1:32.422,\N,92.84899999999999,92.422,13
3699,352,155,15,23,14,1:32.783,1:32.427,\N,92.783,92.42699999999999,10
3700,352,16,10,14,15,1:33.186,1:32.659,\N,93.186,92.65899999999999,15
3701,352,153,5,17,16,1:33.471,1:33.071,\N,93.471,93.071,17
3702,352,24,10,15,17,1:33.216,1:33.154,\N,93.21600000000001,93.154,16
3703,352,67,5,16,18,1:33.568,\N,\N,93.568,NA,18
3704,352,15,205,18,19,1:35.346,\N,\N,95.346,NA,19
3705,352,5,205,19,20,1:35.464,\N,\N,95.464,NA,20
3706,352,810,166,25,21,1:36.265,\N,\N,96.265,NA,21
3707,352,10,166,24,22,1:36.332,\N,\N,96.332,NA,22
3708,352,811,164,21,23,1:37.270,\N,\N,97.27000000000001,NA,23
3709,352,29,164,20,24,1:37.365,\N,\N,97.36500000000001,NA,24
3710,353,20,9,5,1,1:37.123,1:36.074,1:35.585,97.12299999999999,96.074,2
3711,353,17,9,6,2,1:37.373,1:36.039,1:35.659,97.37299999999999,96.039,4
3712,353,4,6,8,3,1:37.144,1:36.287,1:35.766,97.144,96.287,3
3713,353,1,1,2,4,1:37.113,1:36.197,1:36.062,97.113,96.197,1
3714,353,3,131,4,5,1:37.708,1:36.791,1:36.535,97.708,96.791,7
3715,353,13,6,7,6,1:37.515,1:36.169,1:36.571,97.515,96.169,5
3716,353,18,1,1,7,1:38.123,1:37.064,1:36.731,98.12299999999999,97.064,10
3717,353,9,4,11,8,1:37.703,1:37.179,1:36.824,97.703,97.179,6
3718,353,30,131,3,9,1:37.980,1:37.077,1:36.950,97.97999999999999,97.077,8
3719,353,22,3,9,10,1:38.257,1:37.511,1:36.998,98.257,97.511,13
3720,353,807,3,10,11,1:38.115,1:37.620,\N,98.11500000000001,97.62,9
3721,353,155,15,23,12,1:38.429,1:37.643,\N,98.429,97.643,14
3722,353,2,15,22,13,1:38.171,1:37.715,\N,98.17099999999999,97.715,11
3723,353,16,10,14,14,1:38.572,1:37.783,\N,98.572,97.783,15
3724,353,808,4,12,15,1:38.174,1:37.799,\N,98.174,97.799,12
3725,353,153,5,17,16,1:38.583,1:37.853,\N,98.583,97.85300000000001,16
3726,353,67,5,16,17,1:38.621,1:38.594,\N,98.62100000000001,98.594,17
3727,353,24,10,15,18,1:38.955,\N,\N,98.955,NA,18
3728,353,15,205,18,19,1:40.521,\N,\N,100.521,NA,19
3729,353,10,166,24,20,1:40.748,\N,\N,100.74799999999999,NA,20
3730,353,5,205,19,21,1:41.768,\N,\N,101.768,NA,21
3731,353,810,166,25,22,1:42.325,\N,\N,102.325,NA,22
3732,353,29,164,20,23,1:42.444,\N,\N,102.444,NA,23
3733,353,811,164,21,24,1:43.283,\N,\N,103.283,NA,24
3734,354,807,3,10,1,1:20.050,1:19.144,1:14.470,80.05,79.144,11
3735,354,20,9,5,2,1:19.160,1:18.691,1:15.519,79.16,78.691,3
3736,354,17,9,6,3,1:19.025,1:18.516,1:15.637,79.025,78.51599999999999,2
3737,354,1,1,2,4,1:19.931,1:18.921,1:15.747,79.931,78.92099999999999,10
3738,354,4,6,8,5,1:18.987,1:19.010,1:15.989,78.987,79.01,1
3739,354,22,3,9,6,1:19.799,1:18.925,1:16.203,79.799,78.925,7
3740,354,9,4,11,7,1:19.249,1:18.877,1:16.552,79.249,78.877,4
3741,354,30,131,3,8,1:19.879,1:18.923,1:16.925,79.879,78.923,8
3742,354,13,6,7,9,1:19.778,1:19.200,1:17.101,79.77799999999999,79.2,6
3743,354,808,4,12,10,1:20.189,1:19.153,1:17.656,80.189,79.15299999999999,16
3744,354,18,1,1,11,1:19.905,1:19.288,\N,79.905,79.288,9
3745,354,155,15,23,12,1:19.741,1:19.385,\N,79.741,79.385,5
3746,354,3,131,4,13,1:20.153,1:19.486,\N,80.15299999999999,79.486,13
3747,354,153,5,17,14,1:20.158,1:19.581,\N,80.158,79.581,14
3748,354,67,5,16,15,1:20.096,1:19.847,\N,80.096,79.84700000000001,12
3749,354,2,15,22,16,1:20.174,1:19.899,\N,80.174,79.899,15
3750,354,24,10,15,17,1:20.592,1:20.357,\N,80.592,80.357,17
3751,354,16,10,14,18,1:20.830,\N,\N,80.83,NA,18
3752,354,10,166,24,19,1:22.130,\N,\N,82.13,NA,19
3753,354,15,205,18,20,1:22.250,\N,\N,82.25,NA,20
3754,354,5,205,19,21,1:22.378,\N,\N,82.378,NA,21
3755,354,810,166,25,22,1:22.810,\N,\N,82.81,NA,22
3756,354,32,164,20,23,1:23.083,\N,\N,83.083,NA,23
3757,354,811,164,21,24,1:23.796,\N,\N,83.79599999999999,NA,24
3758,355,20,9,5,1,1:40.318,1:39.874,1:39.394,100.318,99.874,3
3759,355,1,1,2,2,1:40.335,1:40.119,1:39.425,100.33500000000001,100.119,4
3760,355,4,6,8,3,1:40.170,1:40.311,1:39.792,100.17,100.311,1
3761,355,18,1,1,4,1:40.877,1:40.014,1:39.823,100.87700000000001,100.01400000000001,6
3762,355,17,9,6,5,1:40.690,1:40.074,1:39.925,100.69,100.074,5
3763,355,13,6,7,6,1:40.942,1:40.323,1:40.202,100.94200000000001,100.32300000000001,8
3764,355,22,3,9,7,1:40.904,1:40.476,1:40.203,100.904,100.476,7
3765,355,30,131,3,8,1:41.222,1:40.452,1:40.516,101.22200000000001,100.452,12
3766,355,3,131,4,9,1:40.231,1:40.060,1:40.589,100.231,100.06,2
3767,355,808,4,12,10,1:41.018,1:40.658,1:40.901,101.018,100.658,10
3768,355,9,4,11,11,1:41.336,1:40.780,\N,101.336,100.78,13
3769,355,155,15,23,12,1:41.045,1:40.783,\N,101.045,100.783,11
3770,355,16,10,14,13,1:41.473,1:40.914,\N,101.473,100.914,15
3771,355,2,15,22,14,1:41.409,1:41.113,\N,101.40899999999999,101.113,14
3772,355,807,3,10,15,1:41.015,1:41.418,\N,101.015,101.418,9
3773,355,24,10,15,16,1:41.681,1:41.642,\N,101.681,101.642,16
3774,355,153,5,17,17,1:41.707,1:41.738,\N,101.707,101.738,17
3775,355,67,5,16,18,1:41.824,\N,\N,101.824,NA,18
3776,355,15,205,18,19,1:43.516,\N,\N,103.51599999999999,NA,19
3777,355,5,205,19,20,1:43.712,\N,\N,103.712,NA,20
3778,355,10,166,24,21,1:44.095,\N,\N,104.095,NA,21
3779,355,810,166,25,22,1:44.510,\N,\N,104.50999999999999,NA,22
3780,355,811,164,21,23,1:45.085,\N,\N,105.08500000000001,NA,23
3781,355,32,164,20,24,1:45.296,\N,\N,105.29599999999999,NA,24
4537,841,20,9,1,1,1:25.296,1:24.090,1:23.529,85.29599999999999,84.09,1
4538,841,1,1,3,2,1:25.384,1:24.595,1:24.307,85.384,84.595,2
4539,841,17,9,2,3,1:25.900,1:24.658,1:24.395,85.9,84.658,9
4540,841,18,1,4,4,1:25.886,1:24.957,1:24.779,85.886,84.957,8
4541,841,4,6,5,5,1:25.707,1:25.242,1:24.974,85.707,85.242,4
4542,841,808,4,10,6,1:25.543,1:25.582,1:25.247,85.543,85.582,3
4543,841,3,131,8,7,1:25.856,1:25.606,1:25.421,85.856,85.606,7
4544,841,13,6,6,8,1:26.031,1:25.611,1:25.599,86.031,85.611,11
4545,841,155,15,16,9,1:25.717,1:25.405,1:25.626,85.717,85.405,5
4546,841,67,5,18,10,1:26.232,1:25.882,1:27.066,86.232,85.882,12
4547,841,30,131,7,11,1:25.962,1:25.971,\N,85.962,85.971,10
4548,841,153,5,19,12,1:26.620,1:26.103,\N,86.62,86.10300000000001,16
4549,841,815,15,17,13,1:25.812,1:26.108,\N,85.812,86.108,6
4550,841,814,10,15,14,1:27.222,1:26.739,\N,87.22200000000001,86.739,17
4551,841,813,3,12,15,1:26.298,1:26.768,\N,86.298,86.768,15
4552,841,16,10,14,16,1:26.245,1:31.407,\N,86.245,91.407,13
4553,841,22,3,11,17,1:26.270,\N,\N,86.27,NA,14
4554,841,2,4,9,18,1:27.239,\N,\N,87.239,NA,18
4555,841,5,205,20,19,1:29.254,\N,\N,89.254,NA,19
4556,841,15,205,21,20,1:29.342,\N,\N,89.342,NA,20
4557,841,10,166,24,21,1:29.858,\N,\N,89.858,NA,21
4558,841,816,166,25,22,1:30.822,\N,\N,90.822,NA,22
4562,842,20,9,1,1,1:37.468,1:35.934,1:34.870,97.468,95.934,10
4560,841,24,164,23,23,1:32.978,\N,\N,92.97800000000001,NA,23
4561,841,39,164,22,24,1:34.293,\N,\N,94.293,NA,24
4563,842,1,1,3,2,1:36.861,1:35.852,1:34.974,96.86099999999999,95.852,2
4564,842,17,9,2,3,1:37.924,1:36.080,1:35.179,97.924,96.08,15
4565,842,18,1,4,4,1:37.033,1:35.569,1:35.200,97.033,95.569,6
4566,842,4,6,5,5,1:36.897,1:36.320,1:35.802,96.89699999999999,96.32,3
4567,842,2,4,9,6,1:37.224,1:36.811,1:36.124,97.22399999999999,96.811,8
4568,842,13,6,6,7,1:36.744,1:36.557,1:36.251,96.744,96.557,1
4569,842,808,4,10,8,1:37.210,1:36.642,1:36.324,97.21000000000001,96.642,7
4570,842,3,131,8,9,1:37.316,1:36.388,1:36.809,97.316,96.388,9
4571,842,155,15,16,10,1:36.994,1:36.691,1:36.820,96.994,96.691,5
4572,842,30,131,7,11,1:36.904,1:37.035,\N,96.904,97.035,4
4573,842,67,5,18,12,1:37.693,1:37.160,\N,97.693,97.16,12
4574,842,153,5,19,13,1:37.677,1:37.347,\N,97.67699999999999,97.34700000000001,11
4575,842,814,10,15,14,1:38.045,1:37.370,\N,98.045,97.37,16
4576,842,22,3,11,15,1:38.163,1:37.496,\N,98.163,97.49600000000001,17
4577,842,815,15,17,16,1:37.759,1:37.528,\N,97.759,97.52799999999999,14
4578,842,16,10,14,17,1:37.693,1:37.593,\N,97.693,97.593,12
4579,842,813,3,12,18,1:38.276,\N,\N,98.27600000000001,NA,18
4580,842,5,205,20,19,1:38.645,\N,\N,98.64500000000001,NA,19
4581,842,15,205,21,20,1:38.791,\N,\N,98.791,NA,20
4582,842,10,166,24,21,1:40.648,\N,\N,100.648,NA,21
4583,842,816,166,25,22,1:41.001,\N,\N,101.001,NA,22
4584,842,24,164,23,23,1:41.549,\N,\N,101.549,NA,23
4585,842,39,164,22,24,1:42.574,\N,\N,102.574,NA,24
4586,843,20,9,1,1,1:35.674,1:34.776,1:33.706,95.674,94.77600000000001,6
4587,843,18,1,4,2,1:35.924,1:34.662,1:34.421,95.924,94.662,10
4588,843,1,1,3,3,1:36.091,1:34.486,1:34.463,96.09100000000001,94.48599999999999,12
4589,843,3,131,8,4,1:35.272,1:35.850,1:34.670,95.27199999999999,95.85,1
4590,843,4,6,5,5,1:35.389,1:35.165,1:35.119,95.38900000000001,95.16499999999999,3
4591,843,13,6,6,6,1:35.478,1:35.437,1:35.145,95.47800000000001,95.437,4
4592,843,153,5,19,7,1:36.133,1:35.563,1:36.158,96.13300000000001,95.563,16
4593,843,814,10,15,8,1:35.702,1:35.858,1:36.190,95.702,95.858,7
4594,843,67,5,18,9,1:36.110,1:35.500,1:36.203,96.11,95.5,14
4595,843,808,4,10,10,1:35.370,1:35.149,\N,95.37,95.149,2
4596,843,16,10,14,11,1:36.092,1:35.874,\N,96.092,95.874,13
4597,843,815,15,17,12,1:36.046,1:36.053,\N,96.04599999999999,96.053,11
4598,843,155,15,16,13,1:36.147,1:36.236,\N,96.14699999999999,96.23599999999999,17
4599,843,30,131,7,14,1:35.508,1:36.457,\N,95.50800000000001,96.457,5
4600,843,22,3,11,15,1:35.911,1:36.465,\N,95.911,96.465,9
4601,843,2,4,9,16,1:35.910,1:36.611,\N,95.91,96.61099999999999,8
4602,843,813,3,12,17,1:36.121,1:36.956,\N,96.12100000000001,96.956,15
4603,843,17,9,2,18,1:36.468,\N,\N,96.468,NA,18
4604,843,5,205,20,19,1:37.894,\N,\N,97.894,NA,19
4605,843,15,205,21,20,1:38.318,\N,\N,98.318,NA,20
4606,843,816,166,25,21,1:39.119,\N,\N,99.119,NA,21
4607,843,10,166,24,22,1:39.708,\N,\N,99.708,NA,22
4608,843,24,164,23,23,1:40.212,\N,\N,100.212,NA,23
4609,843,39,164,22,24,1:40.445,\N,\N,100.445,NA,24
4610,844,20,9,1,1,1:27.039,1:25.610,1:25.049,87.039,85.61,2
4611,844,17,9,2,2,1:27.090,1:26.075,1:25.454,87.09,86.075,3
4612,844,3,131,8,3,1:27.514,1:25.801,1:25.574,87.514,85.801,10
4613,844,1,1,3,4,1:27.091,1:26.066,1:25.595,87.09100000000001,86.066,4
4614,844,4,6,5,5,1:27.349,1:26.152,1:25.851,87.349,86.152,5
4615,844,18,1,4,6,1:27.374,1:26.485,1:25.982,87.374,86.485,6
4616,844,808,4,10,7,1:27.475,1:26.654,1:26.296,87.475,86.654,9
4617,844,30,131,7,8,1:27.697,1:26.121,1:26.646,87.697,86.121,13
4618,844,2,4,9,9,1:27.901,1:26.740,1:26.659,87.901,86.74,15
4619,844,13,6,6,10,1:27.013,1:26.395,\N,87.013,86.395,1
4620,844,22,3,11,11,1:28.246,1:26.764,\N,88.246,86.764,17
4621,844,16,10,14,12,1:27.392,1:27.027,\N,87.392,87.027,7
4622,844,814,10,15,13,1:27.625,1:27.145,\N,87.625,87.145,12
4623,844,813,3,12,14,1:27.396,1:27.236,\N,87.396,87.236,8
4624,844,815,15,17,15,1:27.778,1:27.244,\N,87.77799999999999,87.244,14
4625,844,67,5,18,16,1:27.620,1:27.255,\N,87.62,87.255,11
4626,844,153,5,19,17,1:28.055,1:27.572,\N,88.055,87.572,16
4627,844,5,205,20,18,1:28.780,\N,\N,88.78,NA,18
4628,844,15,205,21,19,1:29.673,\N,\N,89.673,NA,19
4629,844,816,166,25,20,1:30.445,\N,\N,90.445,NA,20
4630,844,24,164,23,21,1:30.692,\N,\N,90.69200000000001,NA,21
4631,844,10,166,24,22,1:30.813,\N,\N,90.813,NA,22
4632,844,39,164,22,23,1:31.564,\N,\N,91.564,NA,23
4633,845,17,9,2,1,1:23.619,1:21.773,1:20.981,83.619,81.773,7
4634,845,20,9,1,2,1:24.142,1:21.540,1:21.181,84.142,81.53999999999999,11
4635,845,1,1,3,3,1:24.370,1:22.148,1:21.961,84.37,82.148,14
4636,845,4,6,5,4,1:23.485,1:22.813,1:21.964,83.485,82.813,4
4637,845,18,1,4,5,1:24.428,1:22.050,1:21.996,84.428,82.05,15
4638,845,808,4,10,6,1:23.069,1:22.948,1:22.471,83.069,82.94800000000001,2
4639,845,3,131,8,7,1:23.507,1:22.569,1:22.599,83.507,82.569,6
4640,845,13,6,6,8,1:23.506,1:23.026,1:22.888,83.506,83.026,5
4641,845,813,3,12,9,1:23.406,1:22.854,1:22.952,83.406,82.854,3
4642,845,30,131,7,10,1:22.960,1:22.671,\N,82.96000000000001,82.67099999999999,1
4643,845,67,5,18,11,1:23.962,1:23.231,\N,83.962,83.231,9
4644,845,815,15,17,12,1:24.209,1:23.367,\N,84.209,83.367,12
4645,845,153,5,19,13,1:24.049,1:23.694,\N,84.049,83.694,10
4646,845,155,15,16,14,1:23.656,1:23.702,\N,83.656,83.702,8
4647,845,5,205,20,15,1:25.874,1:25.403,\N,85.874,85.40299999999999,17
4648,845,814,10,15,16,1:24.332,1:26.126,\N,84.332,86.126,13
4649,845,16,10,14,17,1:24.648,1:26.571,\N,84.648,86.571,16
4650,845,15,205,21,18,1:26.521,\N,\N,86.521,NA,18
4651,845,22,3,11,19,1:26.910,\N,\N,86.91,NA,19
4652,845,10,166,24,20,1:27.315,\N,\N,87.315,NA,20
4653,845,24,164,23,21,1:27.809,\N,\N,87.809,NA,21
4654,845,39,164,22,22,1:27.908,\N,\N,87.908,NA,22
4655,845,816,166,25,23,1:28.556,\N,\N,88.556,NA,23
4656,846,20,9,1,1,1:15.606,1:14.277,1:13.556,75.606,74.277,3
4657,846,18,1,4,2,1:15.397,1:14.545,1:13.997,75.397,74.545,2
4658,846,17,9,2,3,1:16.087,1:14.742,1:14.019,76.087,74.742,8
4659,846,4,6,5,4,1:16.051,1:14.569,1:14.483,76.051,74.569,7
4660,846,30,131,7,5,1:16.092,1:14.981,1:14.682,76.092,74.981,9
4661,846,13,6,6,6,1:16.309,1:14.648,1:14.877,76.309,74.648,10
4662,846,1,1,3,7,1:15.207,1:14.275,1:15.280,75.207,74.275,1
4663,846,3,131,8,8,1:15.858,1:14.741,1:15.766,75.858,74.741,5
4664,846,813,3,12,9,1:15.819,1:15.545,1:16.528,75.819,75.545,4
4665,846,815,15,17,10,1:15.918,1:15.482,\N,75.918,75.482,6
4666,846,808,4,10,11,1:16.378,1:15.815,\N,76.378,75.815,12
4667,846,22,3,11,12,1:16.616,1:15.826,\N,76.616,75.826,15
4668,846,155,15,16,13,1:16.513,1:15.973,\N,76.513,75.973,13
4669,846,814,10,15,14,1:16.813,1:16.118,\N,76.813,76.118,17
4670,846,16,10,14,15,1:16.600,1:16.121,\N,76.6,76.121,14
4671,846,2,4,9,16,1:16.681,1:16.214,\N,76.681,76.214,16
4672,846,67,5,18,17,1:16.358,1:16.300,\N,76.358,76.3,11
4673,846,5,205,20,18,1:17.343,\N,\N,77.343,NA,18
4674,846,15,205,21,19,1:17.381,\N,\N,77.381,NA,19
4675,846,153,5,19,20,1:17.820,\N,\N,77.82,NA,20
4676,846,10,166,24,21,1:17.914,\N,\N,77.914,NA,21
4677,846,816,166,25,22,1:18.736,\N,\N,78.736,NA,22
4680,847,20,9,1,1,1:14.011,1:13.486,1:13.014,74.011,73.486,2
4681,847,4,6,5,2,1:13.822,1:13.672,1:13.199,73.822,73.672,1
4682,847,13,6,6,3,1:14.026,1:13.431,1:13.217,74.026,73.431,3
4683,847,17,9,2,4,1:14.375,1:13.654,1:13.429,74.375,73.654,6
4684,847,1,1,3,5,1:14.114,1:13.926,1:13.565,74.114,73.926,4
4685,847,3,131,8,6,1:14.920,1:13.950,1:13.814,74.92,73.95,9
4686,847,18,1,4,7,1:14.374,1:13.955,1:13.838,74.374,73.955,5
4687,847,30,131,7,8,1:14.970,1:14.242,1:13.864,74.97,74.242,11
4688,847,2,4,9,9,1:15.096,1:14.467,1:14.062,75.096,74.467,12
4689,847,808,4,10,10,1:14.699,1:14.354,1:14.085,74.699,74.354,7
4690,847,814,10,15,11,1:14.874,1:14.752,\N,74.874,74.752,8
4691,847,813,3,12,12,1:15.585,1:15.043,\N,75.58500000000001,75.043,14
4692,847,155,15,16,13,1:15.694,1:15.285,\N,75.694,75.285,15
4693,847,16,10,14,14,1:14.931,1:15.287,\N,74.931,75.287,10
4694,847,67,5,18,15,1:15.901,1:15.334,\N,75.901,75.334,16
4695,847,22,3,11,16,1:15.331,1:15.361,\N,75.331,75.361,13
4696,847,37,15,17,17,1:16.229,1:15.587,\N,76.229,75.587,17
4697,847,153,5,19,18,1:16.294,\N,\N,76.294,NA,18
4698,847,15,205,21,19,1:16.745,\N,\N,76.745,NA,19
4699,847,5,205,20,20,1:16.786,\N,\N,76.786,NA,20
4700,847,24,164,23,21,1:18.424,\N,\N,78.424,NA,21
4701,847,10,166,24,22,1:18.537,\N,\N,78.537,NA,22
4702,847,39,164,22,23,1:18.574,\N,\N,78.574,NA,23
4703,847,816,166,25,24,1:19.414,\N,\N,79.414,NA,24
4704,848,20,9,1,1,1:39.116,1:37.305,1:36.975,99.116,97.305,2
4705,848,17,9,2,2,1:39.956,1:38.058,1:37.163,99.956,98.05799999999999,16
4706,848,1,1,3,3,1:39.244,1:37.727,1:37.380,99.244,97.727,4
4707,848,4,6,5,4,1:39.725,1:37.930,1:37.454,99.725,97.93,13
4708,848,13,6,6,5,1:38.413,1:38.566,1:37.535,98.413,98.566,1
4709,848,18,1,4,6,1:39.453,1:37.749,1:37.645,99.453,97.749,7
4710,848,3,131,8,7,1:39.266,1:38.373,1:38.231,99.26599999999999,98.37299999999999,5
4711,848,30,131,7,8,1:39.198,1:38.365,1:38.240,99.19800000000001,98.36500000000001,3
4712,848,2,4,9,9,1:39.877,1:38.781,\N,99.87700000000001,98.781,15
4713,848,16,10,14,10,1:39.329,1:39.034,\N,99.32900000000001,99.03399999999999,6
4714,848,808,4,10,11,1:39.690,1:39.068,\N,99.69,99.068,11
4715,848,814,10,15,12,1:39.852,1:39.422,\N,99.852,99.422,14
4716,848,22,3,11,13,1:39.602,1:39.489,\N,99.602,99.489,9
4717,848,155,15,16,14,1:40.131,1:39.525,\N,100.131,99.525,17
4718,848,813,3,12,15,1:39.690,1:39.645,\N,99.69,99.64500000000001,11
4719,848,815,15,17,16,1:39.494,1:39.657,\N,99.494,99.657,8
4720,848,67,5,18,17,1:39.679,1:39.711,\N,99.679,99.711,10
4721,848,153,5,19,18,1:40.232,\N,\N,100.232,NA,18
4722,848,5,205,20,19,1:41.664,\N,\N,101.664,NA,19
4723,848,15,205,21,20,1:42.234,\N,\N,102.23400000000001,NA,20
4724,848,10,166,24,21,1:42.553,\N,\N,102.553,NA,21
4725,848,24,164,23,22,1:43.584,\N,\N,103.584,NA,22
4726,848,816,166,25,23,1:43.735,\N,\N,103.735,NA,23
4727,848,39,164,22,24,1:44.363,\N,\N,104.363,NA,24
4728,849,17,9,2,1,1:32.670,1:31.673,1:30.399,92.67,91.673,1
4729,849,20,9,1,2,1:32.977,1:32.379,1:30.431,92.977,92.37899999999999,4
4730,849,4,6,5,3,1:32.986,1:31.727,1:30.516,92.98599999999999,91.727,5
4731,849,13,6,6,4,1:32.760,1:31.640,1:31.124,92.75999999999999,91.64,3
4732,849,18,1,4,5,1:34.230,1:32.273,1:31.898,94.22999999999999,92.273,11
4733,849,814,10,15,6,1:34.472,1:32.569,1:31.929,94.47200000000001,92.569,15
4734,849,813,3,12,7,1:32.702,1:32.588,1:31.933,92.702,92.588,2
4735,849,155,15,16,8,1:34.324,1:32.399,1:32.128,94.324,92.399,12
4736,849,3,131,8,9,1:34.186,1:32.295,1:32.209,94.186,92.295,10
4737,849,1,1,3,10,1:33.581,1:32.505,1:32.376,93.581,92.505,7
4738,849,16,10,14,11,1:34.454,1:32.617,\N,94.45400000000001,92.61699999999999,14
4739,849,815,15,17,12,1:34.145,1:32.624,\N,94.14500000000001,92.624,8
4740,849,30,131,7,13,1:34.160,1:32.656,\N,94.16,92.656,9
4741,849,808,4,10,14,1:34.428,1:32.734,\N,94.428,92.73400000000001,13
4742,849,22,3,11,15,1:33.532,1:33.119,\N,93.532,93.119,6
4743,849,2,4,9,16,1:35.132,1:33.805,\N,95.132,93.805,17
4744,849,5,205,20,17,1:34.923,1:34.821,\N,94.923,94.821,16
4745,849,153,5,19,18,1:35.245,\N,\N,95.245,NA,18
4746,849,67,5,18,19,1:35.749,\N,\N,95.749,NA,19
4747,849,10,166,24,20,1:36.203,\N,\N,96.203,NA,20
4748,849,15,205,21,21,1:36.456,\N,\N,96.456,NA,21
4749,849,816,166,25,22,1:37.154,\N,\N,97.154,NA,22
4750,849,24,164,23,23,1:37.484,\N,\N,97.48400000000001,NA,23
4751,849,817,164,22,24,1:38.059,\N,\N,98.059,NA,24
4752,850,17,9,2,1,1:33.096,1:31.311,1:30.079,93.096,91.311,11
4753,850,1,1,3,2,1:32.934,1:30.998,1:30.134,92.934,90.998,8
4754,850,20,9,1,3,1:32.973,1:31.017,1:30.216,92.973,91.017,9
4755,850,4,6,5,4,1:32.916,1:31.150,1:30.442,92.916,91.15,7
4756,850,13,6,6,5,1:31.826,1:31.582,1:30.910,91.826,91.582,1
4757,850,3,131,8,6,1:32.785,1:31.343,1:31.263,92.785,91.343,6
4758,850,18,1,4,7,1:33.224,1:31.532,1:31.288,93.22399999999999,91.532,13
4759,850,16,10,14,8,1:32.286,1:31.809,1:32.010,92.286,91.809,2
4760,850,808,4,10,9,1:33.187,1:31.985,1:32.187,93.187,91.985,12
4761,850,30,131,7,10,1:32.603,1:32.180,1:32.482,92.60300000000001,92.18,4
4762,850,2,4,9,11,1:32.505,1:32.215,\N,92.505,92.215,3
4763,850,814,10,15,12,1:32.651,1:32.560,\N,92.65100000000001,92.56,5
4764,850,813,3,12,13,1:33.003,1:32.635,\N,93.003,92.63499999999999,10
4765,850,22,3,11,14,1:33.664,1:33.043,\N,93.664,93.043,17
4766,850,815,15,17,15,1:33.295,1:33.176,\N,93.295,93.176,14
4767,850,67,5,18,16,1:33.635,1:33.546,\N,93.63499999999999,93.54599999999999,15
4768,850,153,5,19,17,1:33.658,1:33.698,\N,93.658,93.69800000000001,16
4769,850,155,15,16,18,1:33.786,\N,\N,93.786,NA,18
4770,850,5,205,20,19,1:35.599,\N,\N,95.59899999999999,NA,19
4771,850,10,166,24,20,1:36.400,\N,\N,96.4,NA,20
4772,850,812,205,21,21,1:36.422,\N,\N,96.422,NA,21
4773,850,816,166,25,22,1:36.641,\N,\N,96.64099999999999,NA,22
4774,850,24,164,23,23,1:37.011,\N,\N,97.011,NA,23
4775,850,817,164,22,24,1:37.036,\N,\N,97.036,NA,24
4776,851,20,9,1,1,1:21.740,1:21.095,1:19.815,81.74,81.095,3
4777,851,1,1,3,2,1:21.636,1:21.105,1:19.978,81.636,81.105,2
4778,851,18,1,4,3,1:22.038,1:20.578,1:20.024,82.038,80.578,4
4779,851,13,6,6,4,1:22.130,1:21.099,1:20.350,82.13,81.099,5
4780,851,4,6,5,5,1:21.578,1:20.262,1:20.365,81.578,80.262,1
4781,851,17,9,2,6,1:22.208,1:20.890,1:20.474,82.208,80.89,6
4782,851,3,131,8,7,1:22.996,1:21.243,1:21.098,82.996,81.243,10
4783,851,16,10,14,8,1:22.237,1:22.000,1:21.445,82.237,82,7
4784,851,30,131,7,9,1:22.876,1:21.852,1:21.907,82.876,81.852,8
4785,851,815,15,17,10,1:23.067,1:22.157,\N,83.06700000000001,82.157,12
4786,851,814,10,15,11,1:22.976,1:22.256,\N,82.976,82.256,9
4787,851,808,4,10,12,1:23.070,1:22.284,\N,83.07,82.28399999999999,13
4788,851,155,15,16,13,1:23.278,1:22.435,\N,83.27799999999999,82.435,15
4789,851,2,4,9,14,1:23.024,1:22.470,\N,83.024,82.47,11
4790,851,22,3,11,15,1:23.075,1:22.684,\N,83.075,82.684,14
4791,851,153,5,19,16,1:23.285,1:22.979,\N,83.285,82.979,16
4792,851,813,3,12,17,1:23.847,\N,\N,83.84700000000001,NA,17
4793,851,67,5,18,18,1:24.070,\N,\N,84.07,NA,18
4794,851,5,205,20,19,1:24.362,\N,\N,84.362,NA,19
4795,851,15,205,21,20,1:24.534,\N,\N,84.53399999999999,NA,20
4796,851,10,166,24,21,1:26.294,\N,\N,86.294,NA,21
4797,851,24,164,23,22,1:26.323,\N,\N,86.32300000000001,NA,22
4798,851,817,164,22,23,1:26.479,\N,\N,86.479,NA,23
4799,851,816,166,25,24,1:26.510,\N,\N,86.51,NA,24
4800,852,20,9,1,1,2:03.029,2:03.317,1:48.298,123.029,123.31700000000001,4
4801,852,1,1,3,2,2:03.008,2:02.823,1:48.730,123.008,122.823,3
4802,852,17,9,2,3,2:02.827,2:03.302,1:49.376,122.827,123.302,2
4803,852,13,6,6,4,2:05.834,2:04.507,1:50.256,125.834,124.507,13
4804,852,3,131,8,5,2:05.091,2:03.723,1:50.552,125.091,123.723,8
4805,852,153,5,19,6,2:05.419,2:04.561,1:50.773,125.419,124.561,10
4806,852,811,4,9,7,2:05.047,2:04.452,1:51.121,125.047,124.452,7
4807,852,4,6,5,8,2:04.450,2:02.768,1:51.251,124.45,122.768,5
4808,852,815,15,17,9,2:06.284,2:04.625,1:51.374,126.284,124.625,15
4809,852,808,4,10,10,2:05.292,2:03.466,1:52.303,125.292,123.466,9
4810,852,67,5,18,11,2:04.744,2:04.692,\N,124.744,124.69200000000001,6
4811,852,155,15,16,12,2:07.194,2:04.757,\N,127.194,124.757,17
4812,852,18,1,4,13,2:01.813,2:05.150,\N,121.813,125.15,1
4813,852,22,3,11,14,2:05.720,2:07.349,\N,125.72,127.349,12
4814,852,16,10,14,15,2:06.000,2:07.777,\N,126,127.777,14
4815,852,813,3,12,16,2:05.621,2:08.106,\N,125.621,128.106,11
4816,852,5,205,20,17,2:06.780,2:08.354,\N,126.78,128.35399999999998,16
4817,852,814,10,15,18,2:07.758,\N,\N,127.758,NA,18
4818,852,15,205,21,19,2:08.773,\N,\N,128.773,NA,19
4819,852,10,166,24,20,2:09.566,\N,\N,129.566,NA,20
4820,852,816,166,25,21,2:11.601,\N,\N,131.601,NA,21
4821,852,24,164,23,22,2:11.616,\N,\N,131.61599999999999,NA,22
4822,852,817,164,22,23,2:13.077,\N,\N,133.077,NA,23
4823,854,20,9,1,1,1:46.397,1:44.931,1:44.381,106.39699999999999,104.931,1
4824,854,17,9,2,2,1:47.332,1:45.651,1:44.732,107.332,105.65100000000001,5
4825,854,18,1,4,3,1:46.956,1:45.472,1:44.804,106.956,105.47200000000001,2
4826,854,1,1,3,4,1:47.014,1:46.829,1:44.809,107.01400000000001,106.82900000000001,3
4827,854,4,6,5,5,1:47.054,1:45.779,1:44.874,107.054,105.779,4
4828,854,13,6,6,6,1:47.945,1:45.955,1:45.800,107.945,105.955,8
4829,854,3,131,8,7,1:47.688,1:46.405,1:46.013,107.688,106.405,6
4830,854,30,131,7,8,1:48.819,1:46.043,\N,108.819,106.043,14
4831,854,16,10,14,9,1:47.952,1:47.093,\N,107.952,107.093,9
4832,854,814,10,15,10,1:48.022,1:47.486,\N,108.02199999999999,107.48599999999999,10
4833,854,815,15,17,11,1:47.717,1:47.616,\N,107.717,107.616,7
4834,854,22,3,11,12,1:48.061,1:48.082,\N,108.061,108.082,12
4835,854,813,3,12,13,1:49.710,1:48.270,\N,109.71000000000001,108.27000000000001,17
4836,854,67,5,18,14,1:48.753,1:48.634,\N,108.753,108.634,13
4837,854,811,4,9,15,1:48.861,1:48.662,\N,108.86099999999999,108.662,15
4838,854,153,5,19,16,1:49.588,1:49.862,\N,109.588,109.862,16
4839,854,155,15,16,17,1:48.054,\N,\N,108.054,NA,11
4840,854,808,4,10,18,1:49.835,\N,\N,109.83500000000001,NA,18
4841,854,5,205,20,19,1:50.948,\N,\N,110.94800000000001,NA,19
4842,854,15,205,21,20,1:51.012,\N,\N,111.012,NA,20
4843,854,10,166,24,21,1:52.154,\N,\N,112.154,NA,21
4844,854,816,166,25,22,1:52.363,\N,\N,112.363,NA,22
4845,854,817,164,22,23,1:52.404,\N,\N,112.404,NA,23
4846,854,24,164,23,24,1:52.810,\N,\N,112.81,NA,24
4847,855,20,9,1,1,1:33.051,1:31.424,1:30.466,93.051,91.424,7
4848,855,18,1,4,2,1:32.947,1:31.434,1:30.475,92.947,91.434,6
4849,855,1,1,3,3,1:32.843,1:31.139,1:30.617,92.843,91.139,4
4850,855,13,6,6,4,1:33.235,1:31.909,1:30.804,93.235,91.90899999999999,10
4851,855,4,6,5,5,1:32.817,1:31.612,1:30.886,92.81700000000001,91.612,3
4852,855,17,9,2,6,1:33.135,1:31.576,1:31.156,93.13499999999999,91.576,9
4853,855,155,15,16,10,1:32.626,1:32.380,\N,92.626,92.38,1
4854,855,30,131,7,7,1:33.748,1:32.116,\N,93.74799999999999,92.116,13
4855,855,811,4,9,8,1:33.359,1:32.297,\N,93.35900000000001,92.297,11
4856,855,808,4,10,9,1:32.877,1:32.245,\N,92.87700000000001,92.245,5
4857,855,16,10,14,11,1:32.761,1:32.463,\N,92.761,92.463,2
4858,855,814,10,15,12,1:33.499,1:32.746,\N,93.499,92.74600000000001,12
4859,855,22,3,11,13,1:33.921,1:33.079,\N,93.92099999999999,93.07900000000001,15
4860,855,813,3,12,14,1:33.781,1:33.224,\N,93.781,93.22399999999999,14
4861,855,67,5,18,15,1:33.064,1:33.227,\N,93.064,93.227,8
4862,855,153,5,19,16,1:35.111,1:33.427,\N,95.11099999999999,93.42699999999999,17
4863,855,815,15,17,17,1:34.704,\N,\N,94.70400000000001,NA,16
4864,855,5,205,20,18,1:35.454,\N,\N,95.45400000000001,NA,18
4865,855,15,205,21,19,1:35.514,\N,\N,95.51400000000001,NA,19
4866,855,816,166,25,20,1:36.439,\N,\N,96.439,NA,20
4867,855,10,166,24,21,1:36.507,\N,\N,96.507,NA,21
4868,855,817,164,22,22,1:37.846,\N,\N,97.846,NA,22
4871,856,1,1,3,1,1:37.525,1:36.526,1:35.820,97.525,96.52600000000001,1
4872,856,20,9,1,2,1:39.093,1:37.285,1:36.042,99.093,97.285,11
4873,856,18,1,4,3,1:37.929,1:37.302,1:36.126,97.929,97.30199999999999,2
4874,856,17,9,2,4,1:39.071,1:37.292,1:36.468,99.071,97.292,10
4875,856,13,6,6,5,1:38.670,1:37.313,1:36.831,98.67,97.313,8
4876,856,4,6,5,6,1:38.393,1:37.352,1:36.980,98.393,97.352,4
4877,856,3,131,8,7,1:38.426,1:37.892,1:37.754,98.426,97.892,5
4878,856,808,4,10,8,1:38.378,1:38.186,1:38.124,98.378,98.186,3
4879,856,814,10,15,9,1:38.549,1:38.254,\N,98.549,98.25399999999999,7
4880,856,16,10,14,10,1:38.789,1:38.219,\N,98.789,98.219,9
4881,856,153,5,19,11,1:39.392,1:38.315,\N,99.392,98.315,15
4882,856,30,131,7,12,1:38.502,1:38.354,\N,98.50200000000001,98.354,6
4883,856,67,5,18,13,1:39.352,1:38.508,\N,99.352,98.50800000000001,14
4884,856,155,15,16,14,1:39.464,1:38.775,\N,99.464,98.775,17
4885,856,811,4,9,15,1:39.316,1:38.791,\N,99.316,98.791,13
4886,856,813,3,12,16,1:39.436,1:39.189,\N,99.436,99.189,16
4887,856,815,15,17,17,1:39.097,1:39.443,\N,99.09700000000001,99.443,12
4888,856,22,3,11,18,1:39.538,\N,\N,99.538,NA,18
4889,856,5,205,20,19,1:40.522,\N,\N,100.52199999999999,NA,19
4890,856,15,205,21,20,1:41.101,\N,\N,101.101,NA,20
4891,856,10,166,24,21,1:42.091,\N,\N,102.09100000000001,NA,21
4892,856,816,166,25,22,1:43.483,\N,\N,103.483,NA,22
4893,856,24,164,23,23,1:43.758,\N,\N,103.75800000000001,NA,23
4895,857,20,9,1,1,1:26.218,1:24.657,1:24.178,86.218,84.657,2
4896,857,1,1,3,2,1:26.563,1:25.019,1:24.474,86.563,85.019,8
4897,857,17,9,2,3,1:26.473,1:25.282,1:24.508,86.473,85.282,6
4898,857,4,6,5,4,1:26.774,1:25.158,1:24.519,86.774,85.158,11
4899,857,18,1,4,5,1:26.225,1:25.299,1:24.950,86.225,85.299,3
4900,857,13,6,6,6,1:27.012,1:25.522,1:25.122,87.012,85.52199999999999,15
4901,857,3,131,8,7,1:26.364,1:25.555,1:25.451,86.364,85.555,5
4902,857,16,10,14,8,1:26.271,1:26.140,\N,86.271,86.14,4
4903,857,67,5,18,9,1:26.608,1:26.161,\N,86.608,86.161,9
4904,857,153,5,19,10,1:26.557,1:26.319,\N,86.557,86.319,7
4905,857,808,4,10,11,1:26.189,1:26.319,\N,86.189,86.319,1
4906,857,30,131,7,12,1:26.790,1:26.337,\N,86.78999999999999,86.337,12
4907,857,814,10,15,13,1:26.864,1:26.503,\N,86.864,86.503,14
4908,857,813,3,12,14,1:26.829,1:26.537,\N,86.82900000000001,86.537,13
4909,857,811,4,9,15,1:26.766,1:26.651,\N,86.76599999999999,86.651,10
4910,857,22,3,11,16,1:27.479,1:27.247,\N,87.479,87.247,17
4911,857,815,15,17,17,1:27.249,1:27.562,\N,87.249,87.562,16
4912,857,155,15,16,18,1:27.876,\N,\N,87.876,NA,18
4913,857,5,205,20,19,1:28.565,\N,\N,88.565,NA,19
4914,857,15,205,21,20,1:28.752,\N,\N,88.752,NA,20
4915,857,817,164,23,21,1:30.216,\N,\N,90.21600000000001,NA,21
4916,857,39,164,22,22,1:30.238,\N,\N,90.238,NA,22
4917,857,816,166,25,23,1:30.866,\N,\N,90.866,NA,23
4918,857,10,166,24,24,1:34.046,\N,\N,94.04599999999999,NA,24
4919,858,20,9,1,1,1:40.478,1:38.516,1:38.481,100.47800000000001,98.51599999999999,4
4920,858,1,1,3,2,1:39.782,1:38.434,1:38.622,99.782,98.434,1
4921,858,18,1,4,3,1:40.227,1:39.097,1:38.631,100.227,99.09700000000001,3
4922,858,17,9,2,4,1:40.167,1:38.821,1:38.858,100.167,98.821,2
4923,858,4,6,5,5,1:41.380,1:39.058,1:39.058,101.38,99.05799999999999,10
4924,858,13,6,6,6,1:41.592,1:39.623,1:39.695,101.592,99.62299999999999,13
4925,858,3,131,8,7,1:41.120,1:39.420,1:39.773,101.12,99.42,8
4926,858,30,131,7,8,1:42.605,1:40.554,1:40.662,102.60499999999999,100.554,17
4927,858,16,10,14,9,1:40.595,1:40.205,1:40.768,100.595,100.205,5
4928,858,814,10,15,10,1:41.064,1:40.414,\N,101.064,100.414,7
4929,858,815,15,17,11,1:41.311,1:40.874,\N,101.311,100.874,9
4930,858,808,4,10,12,1:40.955,1:40.919,\N,100.955,100.919,6
4931,858,67,5,18,13,1:41.737,1:41.009,\N,101.737,101.009,15
4932,858,811,4,9,14,1:41.391,1:41.079,\N,101.39099999999999,101.07900000000001,12
4933,858,153,5,19,15,1:41.386,1:41.162,\N,101.386,101.162,11
4934,858,155,15,16,16,1:41.613,1:41.240,\N,101.613,101.24000000000001,14
4935,858,813,3,12,17,1:42.258,1:41.760,\N,102.25800000000001,101.75999999999999,16
4936,858,5,205,20,18,1:42.979,\N,\N,102.979,NA,18
4937,858,15,205,21,19,1:43.884,\N,\N,103.884,NA,19
4938,858,10,166,24,20,1:44.515,\N,\N,104.515,NA,20
4939,858,817,164,22,21,1:44.641,\N,\N,104.64099999999999,NA,21
4940,858,816,166,25,22,1:44.699,\N,\N,104.699,NA,22
4941,858,24,164,23,23,1:45.159,\N,\N,105.15899999999999,NA,23
4942,859,20,9,1,1,1:13.664,1:12.446,1:11.918,73.664,72.446,5
4943,859,17,9,2,2,1:13.467,1:12.658,1:12.099,73.467,72.658,3
4944,859,18,1,4,3,1:13.281,1:12.820,1:12.283,73.281,72.82,1
4945,859,1,1,3,4,1:13.361,1:12.811,1:12.480,73.361,72.811,2
4946,859,4,6,5,5,1:13.969,1:12.870,1:12.591,73.969,72.87,9
4947,859,3,131,8,6,1:14.083,1:12.569,1:13.050,74.083,72.569,10
4948,859,13,6,6,7,1:14.269,1:13.291,1:13.068,74.269,73.291,13
4949,859,16,10,14,8,1:13.480,1:13.261,1:13.298,73.48,73.261,4
4950,859,811,4,9,9,1:14.453,1:13.300,1:13.761,74.453,73.3,15
4951,859,30,131,7,10,1:13.694,1:13.571,\N,73.694,73.571,6
4952,859,814,10,15,11,1:13.733,1:13.584,\N,73.733,73.584,7
4953,859,22,3,11,12,1:14.117,1:13.801,\N,74.117,73.801,11
4954,859,153,5,19,13,1:14.225,1:13.804,\N,74.225,73.804,12
4955,859,67,5,18,14,1:14.500,1:13.919,\N,74.5,73.919,16
4956,859,808,4,10,15,1:13.859,1:14.053,\N,73.859,74.053,8
4957,859,155,15,16,16,1:14.571,1:14.129,\N,74.571,74.129,17
4958,859,815,15,17,17,1:14.430,1:14.182,\N,74.43,74.182,14
4959,859,813,3,12,18,1:14.625,\N,\N,74.625,NA,18
4960,859,5,205,20,19,1:15.068,\N,\N,75.068,NA,19
4961,859,15,205,21,20,1:15.358,\N,\N,75.358,NA,20
4962,859,24,164,23,21,1:16.631,\N,\N,76.631,NA,21
4963,859,817,164,22,22,1:16.890,\N,\N,76.89,NA,22
4964,859,816,166,25,23,1:17.019,\N,\N,77.019,NA,23
4965,859,10,166,24,24,1:17.060,\N,\N,77.06,NA,24
4966,860,1,1,4,1,1:26.800,1:25.626,1:24.922,86.8,85.626,9
4967,860,18,1,3,2,1:26.832,1:25.663,1:25.074,86.832,85.663,11
4968,860,154,208,10,3,1:26.498,1:25.845,1:25.302,86.498,85.845,3
4969,860,30,131,7,4,1:26.586,1:25.571,1:25.336,86.586,85.571,4
4970,860,17,9,2,5,1:27.117,1:26.597,1:25.651,87.117,86.59700000000001,14
4971,860,20,9,1,6,1:26.773,1:25.982,1:25.668,86.773,85.982,8
4972,860,3,131,8,7,1:26.763,1:25.469,1:25.686,86.763,85.469,7
4973,860,813,3,18,8,1:26.803,1:26.206,1:25.908,86.803,86.206,10
4974,860,807,10,12,9,1:27.464,1:26.314,1:26.451,87.464,86.314,15
4975,860,817,5,16,10,1:27.024,1:26.319,\N,87.024,86.319,13
4976,860,818,5,17,11,1:26.493,1:26.429,\N,86.493,86.429,2
4977,860,4,6,5,12,1:26.688,1:26.494,\N,86.688,86.494,6
4978,860,155,15,14,13,1:26.182,1:26.590,\N,86.182,86.59,1
4979,860,811,3,19,14,1:27.004,1:26.663,\N,87.004,86.663,12
4980,860,814,10,11,15,1:27.469,1:27.086,\N,87.469,87.086,16
4981,860,13,6,6,16,1:27.633,1:27.497,\N,87.633,87.497,17
4982,860,815,15,15,17,1:26.596,\N,\N,86.596,NA,5
4983,860,8,208,9,18,1:27.758,\N,\N,87.758,NA,18
4984,860,5,207,20,19,1:28.679,\N,\N,88.679,NA,19
4985,860,808,207,21,20,1:29.018,\N,\N,89.018,NA,20
4986,860,10,206,24,21,1:30.923,\N,\N,90.923,NA,21
4987,860,819,206,25,22,1:31.670,\N,\N,91.67,NA,22
4988,860,37,164,22,23,1:33.495,\N,\N,93.495,NA,23
4989,860,39,164,23,24,1:33.643,\N,\N,93.643,NA,24
4990,861,1,1,4,1,1:37.813,1:37.106,1:36.219,97.813,97.106,6
4991,861,18,1,3,2,1:37.575,1:36.928,1:36.368,97.575,96.928,3
4992,861,30,131,7,3,1:37.517,1:37.017,1:36.391,97.517,97.017,2
4993,861,17,9,2,4,1:37.172,1:37.375,1:36.461,97.172,97.375,1
4994,861,8,208,9,5,1:37.961,1:36.715,1:36.461,97.961,96.715,8
4995,861,20,9,1,6,1:38.102,1:37.419,1:36.634,98.102,97.419,10
4996,861,154,208,10,7,1:38.058,1:37.338,1:36.658,98.05799999999999,97.338,9
4997,861,3,131,8,8,1:37.696,1:36.996,1:36.664,97.696,96.99600000000001,4
4998,861,4,6,5,9,1:38.151,1:37.379,1:37.566,98.15100000000001,97.37899999999999,11
4999,861,815,15,15,10,1:37.933,1:37.477,1:37.698,97.93299999999999,97.477,7
5000,861,813,3,18,11,1:37.789,1:37.589,\N,97.789,97.589,5
5001,861,13,6,6,12,1:38.381,1:37.731,\N,98.381,97.731,15
5002,861,811,3,19,13,1:38.437,1:37.841,\N,98.437,97.84100000000001,17
5003,861,814,10,11,14,1:38.325,1:37.877,\N,98.325,97.87700000000001,13
5004,861,817,5,16,15,1:38.419,1:37.883,\N,98.419,97.88300000000001,16
5005,861,807,10,12,16,1:38.303,1:37.890,\N,98.303,97.89,12
5006,861,155,15,14,17,1:38.372,1:38.069,\N,98.372,98.069,14
5007,861,818,5,17,18,1:39.077,\N,\N,99.077,NA,18
5008,861,5,207,20,19,1:39.306,\N,\N,99.306,NA,19
5009,861,808,207,21,20,1:39.567,\N,\N,99.56700000000001,NA,20
5010,861,10,206,24,21,1:40.903,\N,\N,100.90299999999999,NA,21
5011,861,819,206,25,22,1:41.250,\N,\N,101.25,NA,22
5012,861,37,164,22,23,1:42.914,\N,\N,102.914,NA,23
5013,861,39,164,23,24,1:43.655,\N,\N,103.655,NA,24
5014,862,3,131,8,1,1:36.875,1:35.725,1:35.121,96.875,95.725,14
5015,862,1,1,4,2,1:36.763,1:35.902,1:35.626,96.763,95.902,10
5016,862,30,131,7,3,1:36.797,1:35.794,1:35.691,96.797,95.794,11
5017,862,155,15,14,4,1:36.863,1:35.853,1:35.784,96.863,95.85300000000001,13
5018,862,8,208,9,5,1:36.850,1:35.921,1:35.898,96.85,95.92099999999999,12
5019,862,18,1,3,6,1:36.746,1:35.942,1:36.191,96.74600000000001,95.94200000000001,9
5020,862,17,9,2,7,1:36.682,1:35.700,1:36.290,96.682,95.7,8
5021,862,815,15,15,8,1:36.198,1:35.831,1:36.524,96.19800000000001,95.831,1
5022,862,4,6,5,9,1:36.292,1:35.982,1:36.622,96.292,95.982,2
5023,862,154,208,10,10,1:36.343,1:35.903,\N,96.343,95.90299999999999,3
5024,862,20,9,1,11,1:36.911,1:36.031,\N,96.911,96.031,15
5025,862,13,6,6,12,1:36.556,1:36.255,\N,96.556,96.255,5
5026,862,813,3,18,13,1:36.528,1:36.283,\N,96.52799999999999,96.283,4
5027,862,811,3,19,14,1:36.674,1:36.289,\N,96.674,96.289,7
5028,862,814,10,11,15,1:36.639,1:36.317,\N,96.63900000000001,96.31700000000001,6
5029,862,807,10,12,16,1:36.921,1:36.745,\N,96.92099999999999,96.745,16
5030,862,817,5,16,17,1:36.933,1:36.956,\N,96.93299999999999,96.956,17
5031,862,818,5,17,18,1:37.714,\N,\N,97.714,NA,18
5032,862,5,207,20,19,1:38.463,\N,\N,98.463,NA,19
5033,862,808,207,21,20,1:38.677,\N,\N,98.67699999999999,NA,20
5034,862,10,206,24,21,1:39.282,\N,\N,99.282,NA,21
5035,862,819,206,25,22,1:39.717,\N,\N,99.717,NA,22
5036,862,37,164,22,23,1:40.411,\N,\N,100.411,NA,23
5037,862,39,164,23,24,1:41.000,\N,\N,101,NA,24
5038,863,20,9,1,1,1:34.308,1:33.527,1:32.422,94.30799999999999,93.527,6
5039,863,1,1,4,2,1:34.813,1:33.209,1:32.520,94.813,93.209,15
5040,863,17,9,2,3,1:34.015,1:33.311,1:32.637,94.015,93.311,3
5041,863,18,1,3,4,1:34.792,1:33.416,1:32.711,94.792,93.416,14
5042,863,3,131,8,5,1:34.588,1:33.219,1:32.821,94.588,93.219,10
5043,863,817,5,16,6,1:33.988,1:33.556,1:32.912,93.988,93.556,2
5044,863,154,208,10,7,1:34.041,1:33.246,1:33.008,94.041,93.24600000000001,4
5045,863,815,15,15,8,1:33.814,1:33.660,1:33.394,93.814,93.66,1
5046,863,4,6,5,9,1:34.760,1:33.403,\N,94.75999999999999,93.40299999999999,13
5047,863,814,10,11,10,1:36.624,1:33.510,\N,96.624,93.50999999999999,20
5048,863,8,208,9,11,1:34.552,1:33.789,\N,94.55199999999999,93.789,9
5049,863,155,15,14,12,1:34.131,1:33.806,\N,94.131,93.806,5
5050,863,807,10,12,13,1:34.601,1:33.807,\N,94.601,93.807,11
5051,863,13,6,6,14,1:34.372,1:33.912,\N,94.372,93.912,7
5052,863,811,3,19,15,1:34.466,1:34.017,\N,94.46600000000001,94.017,8
5053,863,5,207,20,16,1:34.852,1:36.132,\N,94.852,96.132,16
5054,863,813,3,18,17,1:34.639,\N,\N,94.63900000000001,NA,12
5055,863,30,131,7,18,1:34.865,\N,\N,94.86500000000001,NA,17
5056,863,818,5,17,19,1:35.014,\N,\N,95.01400000000001,NA,18
5057,863,808,207,21,20,1:35.823,\N,\N,95.82300000000001,NA,19
5058,863,819,206,25,21,1:37.683,\N,\N,97.68299999999999,NA,21
5059,863,37,164,22,22,1:37.883,\N,\N,97.88300000000001,NA,22
5060,863,10,206,24,23,1:37.905,\N,\N,97.905,NA,23
5061,863,39,164,23,24,1:38.314,\N,\N,98.314,NA,24
5062,864,1,1,4,1,1:22.583,1:22.465,1:21.707,82.583,82.465,1
5063,864,813,3,18,2,1:23.380,1:22.105,1:22.285,83.38,82.105,5
5064,864,4,6,5,3,1:23.276,1:22.862,1:22.302,83.276,82.862,3
5065,864,154,208,10,4,1:23.248,1:22.667,1:22.424,83.248,82.667,2
5066,864,8,208,9,5,1:23.406,1:22.856,1:22.487,83.406,82.856,7
5067,864,815,15,15,6,1:24.261,1:22.773,1:22.533,84.261,82.773,16
5068,864,3,131,8,7,1:23.370,1:22.882,1:23.005,83.37,82.882,4
5069,864,20,9,1,8,1:23.850,1:22.884,\N,83.85,82.884,12
5070,864,30,131,7,9,1:23.757,1:22.904,\N,83.757,82.904,11
5071,864,155,15,14,10,1:23.386,1:22.897,\N,83.386,82.89699999999999,6
5072,864,18,1,3,11,1:23.510,1:22.944,\N,83.51,82.944,8
5073,864,17,9,2,12,1:23.592,1:22.977,\N,83.592,82.977,9
5074,864,814,10,11,13,1:23.852,1:23.125,\N,83.852,83.125,13
5075,864,807,10,12,14,1:23.720,1:23.177,\N,83.72,83.17699999999999,10
5076,864,818,5,17,15,1:24.362,1:23.265,\N,84.362,83.265,17
5077,864,817,5,16,16,1:23.906,1:23.442,\N,83.906,83.44200000000001,15
5078,864,13,6,6,17,1:23.886,1:23.444,\N,83.886,83.444,14
5079,864,811,3,19,18,1:24.981,\N,\N,84.981,NA,18
5080,864,808,207,21,19,1:25.277,\N,\N,85.277,NA,19
5081,864,5,207,20,20,1:25.507,\N,\N,85.507,NA,20
5082,864,819,206,25,21,1:26.582,\N,\N,86.582,NA,21
5083,864,10,206,24,22,1:27.032,\N,\N,87.032,NA,22
5084,864,37,164,22,23,1:27.555,\N,\N,87.555,NA,23
5085,864,39,164,23,24,1:31.122,\N,\N,91.122,NA,24
5086,865,30,131,7,1,1:15.873,1:15.062,1:14.301,75.873,75.062,5
5087,865,17,9,2,2,1:16.013,1:15.035,1:14.381,76.013,75.035,10
5088,865,3,131,8,3,1:15.900,1:15.022,1:14.448,75.9,75.022,7
5089,865,1,1,4,4,1:16.063,1:15.166,1:14.583,76.063,75.166,13
5090,865,154,208,10,5,1:15.718,1:15.219,1:14.639,75.718,75.219,3
5091,865,4,6,5,6,1:16.153,1:15.128,1:14.948,76.15299999999999,75.128,14
5092,865,13,6,6,7,1:15.983,1:14.911,1:15.049,75.983,74.911,9
5093,865,8,208,9,8,1:15.889,1:15.322,1:15.199,75.889,75.322,6
5094,865,813,3,18,9,1:16.017,1:15.026,1:15.245,76.017,75.026,11
5095,865,20,9,1,10,1:15.757,1:15.234,\N,75.757,75.234,4
5096,865,807,10,12,11,1:15.418,1:15.421,\N,75.418,75.42099999999999,1
5097,865,155,15,14,12,1:15.648,1:15.508,\N,75.648,75.508,2
5098,865,18,1,3,13,1:16.399,1:15.536,\N,76.399,75.536,16
5099,865,811,3,19,14,1:15.923,1:15.709,\N,75.923,75.709,8
5100,865,814,10,11,15,1:16.062,1:15.718,\N,76.062,75.718,12
5101,865,817,5,16,16,1:16.360,1:15.878,\N,76.36,75.878,15
5102,865,818,5,17,17,1:16.491,1:16.885,\N,76.491,76.885,17
5103,865,5,207,20,18,1:16.538,\N,\N,76.538,NA,18
5104,865,808,207,21,19,1:17.404,\N,\N,77.404,NA,19
5105,865,10,206,24,20,1:17.947,\N,\N,77.947,NA,20
5106,865,37,164,22,21,1:18.096,\N,\N,78.096,NA,21
5107,865,819,206,25,22,1:18.476,\N,\N,78.476,NA,22
5108,865,39,164,23,23,1:19.310,\N,\N,79.31,NA,23
5109,866,20,9,1,1,1:14.661,1:14.187,1:13.784,74.661,74.187,1
5110,866,1,1,4,2,1:14.891,1:14.371,1:14.087,74.891,74.371,3
5111,866,4,6,5,3,1:14.916,1:14.314,1:14.151,74.916,74.314,5
5112,866,17,9,2,4,1:14.956,1:14.479,1:14.346,74.956,74.479,6
5113,866,3,131,8,5,1:15.098,1:14.568,1:14.411,75.098,74.568,11
5114,866,13,6,6,6,1:15.194,1:14.641,1:14.465,75.194,74.641,15
5115,866,154,208,10,7,1:15.163,1:14.627,1:14.645,75.163,74.627,14
5116,866,814,10,11,8,1:15.019,1:14.639,1:14.705,75.019,74.639,10
5117,866,30,131,7,9,1:14.892,1:14.480,1:14.812,74.892,74.48,4
5118,866,18,1,3,10,1:14.799,1:14.680,1:15.182,74.799,74.68,2
5119,866,155,15,14,11,1:15.101,1:14.688,\N,75.101,74.688,12
5120,866,8,208,9,12,1:14.995,1:14.734,\N,74.995,74.734,8
5121,866,807,10,12,13,1:15.106,1:14.748,\N,75.106,74.748,13
5122,866,817,5,16,14,1:15.552,1:15.078,\N,75.55199999999999,75.078,17
5123,866,815,15,15,15,1:15.326,1:15.156,\N,75.326,75.156,16
5124,866,811,3,19,16,1:14.995,1:15.170,\N,74.995,75.17,8
5125,866,813,3,18,17,1:14.979,1:15.231,\N,74.979,75.231,7
5126,866,5,207,20,18,1:16.263,\N,\N,76.263,NA,18
5127,866,808,207,21,19,1:16.482,\N,\N,76.482,NA,19
5128,866,818,5,17,20,1:16.602,\N,\N,76.602,NA,20
5129,866,37,164,22,21,1:17.492,\N,\N,77.492,NA,21
5130,866,10,206,24,22,1:17.901,\N,\N,77.901,NA,22
5131,866,819,206,25,23,1:18.255,\N,\N,78.255,NA,23
5132,866,39,164,23,24,1:18.330,\N,\N,78.33,NA,24
5133,867,20,9,1,1,1:39.626,1:38.530,1:38.086,99.626,98.53,14
5134,867,1,1,4,2,1:39.169,1:38.616,1:38.410,99.169,98.616,5
5135,867,813,3,18,3,1:38.825,1:38.570,1:38.475,98.825,98.57,1
5136,867,154,208,10,4,1:39.530,1:38.489,1:38.505,99.53,98.489,12
5137,867,8,208,9,5,1:39.464,1:38.531,1:38.513,99.464,98.531,11
5138,867,3,131,8,6,1:39.061,1:38.504,1:38.623,99.061,98.50399999999999,4
5139,867,155,15,14,7,1:39.651,1:38.703,1:38.741,99.65100000000001,98.703,15
5140,867,807,10,12,8,1:39.009,1:38.689,1:38.752,99.009,98.689,3
5141,867,18,1,3,9,1:39.622,1:38.563,1:38.801,99.622,98.563,13
5142,867,814,10,11,10,1:38.858,1:38.519,1:38.992,98.858,98.519,2
5143,867,4,6,5,11,1:39.409,1:38.707,\N,99.40899999999999,98.707,8
5144,867,30,131,7,12,1:39.447,1:38.770,\N,99.447,98.77000000000001,9
5145,867,13,6,6,13,1:39.388,1:38.780,\N,99.388,98.78,7
5146,867,811,3,19,14,1:39.449,1:39.207,\N,99.449,99.207,10
5147,867,815,15,15,15,1:39.353,1:39.358,\N,99.35300000000001,99.358,6
5148,867,5,207,20,16,1:40.087,1:40.295,\N,100.087,100.295,17
5149,867,817,5,16,17,1:39.924,1:40.358,\N,99.924,100.358,16
5150,867,818,5,17,18,1:40.203,\N,\N,100.203,NA,18
5151,867,17,9,2,19,1:40.395,\N,\N,100.39500000000001,NA,19
5152,867,808,207,21,20,1:40.457,\N,\N,100.457,NA,20
5153,867,37,164,22,21,1:42.171,\N,\N,102.17099999999999,NA,21
5154,867,39,164,23,22,1:42.527,\N,\N,102.527,NA,22
5155,867,819,206,25,23,1:42.675,\N,\N,102.675,NA,23
5156,868,4,6,5,1,1:46.515,1:56.921,1:51.746,106.515,116.92099999999999,5
5157,868,17,9,2,2,1:47.276,1:55.898,1:51.793,107.27600000000001,115.898,11
5158,868,30,131,7,3,1:46.571,1:55.799,1:52.020,106.571,115.799,6
5159,868,20,9,1,4,1:46.279,1:56.931,1:52.199,106.279,116.931,1
5160,868,13,6,6,5,1:47.401,1:56.388,1:53.065,107.40100000000001,116.388,13
5161,868,8,208,9,6,1:47.309,1:56.469,1:53.290,107.309,116.469,12
5162,868,813,3,18,7,1:46.449,1:56.802,1:53.539,106.449,116.80199999999999,3
5163,868,1,1,4,8,1:47.433,1:54.897,1:53.543,107.43299999999999,114.89699999999999,14
5164,868,807,10,12,9,1:46.334,1:55.556,1:54.382,106.334,115.556,2
5165,868,154,208,10,10,1:47.043,1:56.388,\N,107.043,116.388,8
5166,868,814,10,11,11,1:47.582,1:57.009,\N,107.582,117.009,15
5167,868,155,15,14,12,1:46.649,1:57.071,\N,106.649,117.071,7
5168,868,3,131,8,13,1:47.724,1:57.108,\N,107.72399999999999,117.108,17
5169,868,817,5,16,14,1:47.266,1:57.132,\N,107.26599999999999,117.132,10
5170,868,811,3,19,15,1:47.105,1:57.426,\N,107.10499999999999,117.426,9
5171,868,818,5,17,16,1:47.705,1:57.719,\N,107.705,117.719,16
5172,868,815,15,15,17,1:46.494,1:57.895,\N,106.494,117.89500000000001,4
5173,868,18,1,3,18,1:48.044,\N,\N,108.044,NA,18
5174,868,808,207,21,19,1:49.027,\N,\N,109.027,NA,19
5175,868,5,207,20,20,1:49.477,\N,\N,109.477,NA,20
5176,868,10,206,24,21,1:51.618,\N,\N,111.618,NA,21
5177,868,37,164,22,22,1:52.742,\N,\N,112.74199999999999,NA,22
5178,868,39,164,23,23,1:53.040,\N,\N,113.03999999999999,NA,23
5179,868,819,206,25,24,1:54.143,\N,\N,114.143,NA,24
5180,869,4,6,5,1,1:16.073,1:38.521,1:40.621,76.07300000000001,98.521,4
5181,869,20,9,1,2,1:16.393,1:38.309,1:41.026,76.393,98.309,10
5182,869,17,9,2,3,1:16.500,1:39.382,1:41.496,76.5,99.382,13
5183,869,30,131,7,4,1:16.686,1:38.010,1:42.459,76.686,98.00999999999999,17
5184,869,807,10,12,5,1:16.271,1:39.467,1:43.501,76.271,99.467,8
5185,869,813,3,18,6,1:16.181,1:38.731,1:43.950,76.181,98.731,5
5186,869,18,1,3,7,1:16.507,1:38.659,1:44.113,76.507,98.65899999999999,14
5187,869,1,1,4,8,1:16.221,1:37.365,1:44.186,76.221,97.36500000000001,6
5188,869,814,10,11,9,1:16.352,1:39.703,1:44.889,76.352,99.703,9
5189,869,8,208,9,10,1:15.693,1:39.729,1:45.811,75.693,99.729,1
5190,869,817,5,16,11,1:16.516,1:39.789,\N,76.51599999999999,99.789,15
5191,869,815,15,15,12,1:15.726,1:39.933,\N,75.726,99.93299999999999,2
5192,869,155,15,14,13,1:16.481,1:39.985,\N,76.481,99.985,12
5193,869,13,6,6,14,1:16.265,1:40.212,\N,76.265,100.212,7
5194,869,154,208,10,15,1:16.685,1:40.574,\N,76.685,100.574,16
5195,869,811,3,19,16,1:16.426,1:40.752,\N,76.426,100.75200000000001,11
5196,869,3,131,8,17,1:15.988,1:41.551,\N,75.988,101.551,3
5197,869,818,5,17,18,1:16.741,\N,\N,76.741,NA,18
5198,869,5,207,20,19,1:17.620,\N,\N,77.62,NA,19
5199,869,808,207,21,20,1:18.531,\N,\N,78.531,NA,20
5200,869,819,206,25,21,1:19.220,\N,\N,79.22,NA,21
5201,869,10,206,24,22,1:19.291,\N,\N,79.291,NA,22
5202,869,37,164,22,23,1:19.912,\N,\N,79.912,NA,23
5203,869,39,164,23,24,1:20.230,\N,\N,80.23,NA,24
5204,870,1,1,4,1,1:21.794,1:21.060,1:20.953,81.794,81.06,1
5205,870,154,208,10,2,1:22.755,1:21.657,1:21.366,82.755,81.657,13
5206,870,20,9,1,3,1:22.948,1:21.407,1:21.416,82.94800000000001,81.407,17
5207,870,18,1,3,4,1:22.028,1:21.618,1:21.583,82.02799999999999,81.618,3
5208,870,8,208,9,5,1:22.234,1:21.583,1:21.730,82.23400000000001,81.583,9
5209,870,4,6,5,6,1:22.095,1:21.598,1:21.844,82.095,81.598,5
5210,870,13,6,6,7,1:22.203,1:21.534,1:21.900,82.203,81.53399999999999,8
5211,870,813,3,18,8,1:22.475,1:21.504,1:21.939,82.475,81.504,12
5212,870,811,3,19,9,1:22.271,1:21.697,1:22.343,82.271,81.697,10
5213,870,807,10,12,10,1:22.176,1:21.653,1:22.847,82.176,81.65299999999999,7
5214,870,17,9,2,11,1:22.829,1:21.715,\N,82.82900000000001,81.715,16
5215,870,814,10,11,12,1:21.912,1:21.813,\N,81.912,81.813,2
5216,870,3,131,8,13,1:22.079,1:21.895,\N,82.07900000000001,81.895,4
5217,870,815,15,15,14,1:22.110,1:21.895,\N,82.11,81.895,6
5218,870,155,15,14,15,1:22.801,1:22.300,\N,82.801,82.3,15
5219,870,818,5,17,16,1:22.799,1:22.380,\N,82.799,82.38,14
5220,870,30,131,7,17,1:22.436,1:22.723,\N,82.436,82.723,11
5221,870,817,5,16,18,1:23.250,\N,\N,83.25,NA,18
5222,870,5,207,20,19,1:23.576,\N,\N,83.576,NA,19
5223,870,808,207,21,20,1:24.167,\N,\N,84.167,NA,20
5224,870,819,206,25,21,1:25.244,\N,\N,85.244,NA,21
5225,870,10,206,24,22,1:25.476,\N,\N,85.476,NA,22
5226,870,37,164,22,23,1:25.916,\N,\N,85.916,NA,23
5227,870,39,164,23,24,1:26.178,\N,\N,86.178,NA,24
5228,871,18,1,3,1,1:49.250,1:47.654,1:47.573,109.25,107.654,2
5229,871,155,15,14,2,1:49.686,1:48.569,1:47.871,109.686,108.569,10
5230,871,813,3,18,3,1:48.993,1:48.780,1:47.893,108.993,108.78,1
5231,871,8,208,9,4,1:49.546,1:48.414,1:48.205,109.54599999999999,108.414,5
5232,871,815,15,15,5,1:49.642,1:47.980,1:48.219,109.642,107.97999999999999,9
5233,871,4,6,5,6,1:49.401,1:48.598,1:48.313,109.40100000000001,108.598,4
5234,871,17,9,2,7,1:49.859,1:48.546,1:48.392,109.85900000000001,108.54599999999999,14
5235,871,1,1,4,8,1:49.605,1:48.563,1:48.394,109.60499999999999,108.563,8
5236,871,154,208,10,9,1:50.126,1:48.714,1:48.538,110.126,108.714,17
5237,871,814,10,11,10,1:50.033,1:48.729,1:48.890,110.033,108.729,16
5238,871,20,9,1,11,1:49.722,1:48.792,\N,109.72200000000001,108.792,11
5239,871,807,10,12,12,1:49.362,1:48.855,\N,109.362,108.85499999999999,3
5240,871,30,131,7,13,1:49.742,1:49.081,\N,109.74199999999999,109.081,12
5241,871,13,6,6,14,1:49.588,1:49.147,\N,109.588,109.14699999999999,7
5242,871,818,5,17,15,1:49.763,1:49.354,\N,109.763,109.354,13
5243,871,817,5,16,16,1:49.572,1:49.543,\N,109.572,109.543,6
5244,871,811,3,19,17,1:49.958,1:50.088,\N,109.958,110.088,15
5245,871,3,131,8,18,1:50.181,\N,\N,110.181,NA,18
5246,871,5,207,20,19,1:51.739,\N,\N,111.739,NA,19
5247,871,808,207,21,20,1:51.967,\N,\N,111.967,NA,20
5248,871,10,206,24,21,1:52.336,\N,\N,112.336,NA,21
5249,871,37,164,22,22,1:53.030,\N,\N,113.03,NA,22
5250,871,819,206,25,23,1:53.493,\N,\N,113.493,NA,23
5251,871,39,164,23,24,1:54.989,\N,\N,114.989,NA,24
5252,872,1,1,4,1,1:24.211,1:24.394,1:24.010,84.211,84.394,2
5253,872,18,1,3,2,1:24.672,1:24.255,1:24.133,84.672,84.255,3
5254,872,13,6,6,3,1:24.882,1:24.505,1:24.247,84.882,84.505,6
5255,872,814,10,11,4,1:24.875,1:24.345,1:24.304,84.875,84.345,5
5256,872,30,131,7,5,1:25.302,1:24.675,1:24.540,85.30199999999999,84.675,12
5257,872,20,9,1,6,1:25.011,1:24.687,1:24.802,85.011,84.687,7
5258,872,3,131,8,7,1:24.689,1:24.515,1:24.833,84.689,84.515,4
5259,872,8,208,9,8,1:25.151,1:24.742,1:24.855,85.151,84.742,10
5260,872,155,15,14,9,1:25.317,1:24.683,1:25.109,85.31700000000001,84.68299999999999,13
5261,872,4,6,5,10,1:24.175,1:24.242,1:25.678,84.175,84.242,1
5262,872,17,9,2,11,1:25.556,1:24.809,\N,85.556,84.809,14
5263,872,813,3,18,12,1:25.103,1:24.820,\N,85.10300000000001,84.82,8
5264,872,815,15,15,13,1:25.300,1:24.901,\N,85.3,84.901,11
5265,872,811,3,19,14,1:25.135,1:25.042,\N,85.135,85.042,9
5266,872,817,5,16,15,1:25.728,1:25.312,\N,85.72800000000001,85.312,16
5267,872,816,208,10,16,1:25.834,1:25.408,\N,85.834,85.408,17
5268,872,818,5,17,17,1:25.649,1:25.441,\N,85.649,85.441,15
5269,872,5,207,20,18,1:26.382,\N,\N,86.382,NA,18
5270,872,808,207,21,19,1:26.887,\N,\N,86.887,NA,19
5271,872,10,206,24,20,1:27.039,\N,\N,87.039,NA,20
5272,872,819,206,25,21,1:27.073,\N,\N,87.07300000000001,NA,21
5273,872,39,164,23,22,1:27.441,\N,\N,87.441,NA,22
5274,872,37,164,22,23,1:27.629,\N,\N,87.629,NA,23
5275,873,1,1,4,1,1:48.285,1:46.665,1:46.362,108.285,106.66499999999999,5
5276,873,813,3,18,2,1:49.494,1:47.602,1:46.804,109.494,107.602,12
5277,873,20,9,1,3,1:48.240,1:46.791,1:46.905,108.24000000000001,106.791,4
5278,873,18,1,3,4,1:49.381,1:47.661,1:46.939,109.381,107.661,9
5279,873,4,6,5,5,1:49.391,1:47.567,1:47.216,109.39099999999999,107.56700000000001,10
5280,873,814,10,11,6,1:48.028,1:47.667,1:47.241,108.02799999999999,107.667,2
5281,873,17,9,2,7,1:48.717,1:47.513,1:47.475,108.717,107.513,6
5282,873,154,208,10,8,1:47.688,1:47.529,1:47.788,107.688,107.529,1
5283,873,30,131,7,9,1:49.546,1:47.823,\N,109.54599999999999,107.82300000000001,13
5284,873,3,131,8,10,1:49.463,1:47.943,\N,109.463,107.943,11
5285,873,807,10,12,11,1:49.547,1:47.975,\N,109.547,107.975,14
5286,873,8,208,9,12,1:48.169,1:48.261,\N,108.169,108.261,3
5287,873,13,6,6,13,1:49.767,1:48.344,\N,109.767,108.344,16
5288,873,815,15,15,14,1:49.055,1:48.505,\N,109.055,108.505,8
5289,873,817,5,16,15,1:49.023,1:48.774,\N,109.023,108.774,7
5290,873,818,5,17,16,1:49.564,1:48.849,\N,109.564,108.84899999999999,15
5291,873,811,3,19,17,1:49.809,\N,\N,109.809,NA,17
5292,873,155,15,14,18,1:49.933,\N,\N,109.93299999999999,NA,18
5293,873,808,207,21,19,1:50.846,\N,\N,110.846,NA,19
5294,873,5,207,20,20,1:51.137,\N,\N,111.137,NA,20
5295,873,10,206,24,21,1:51.370,\N,\N,111.37,NA,21
5296,873,819,206,25,22,1:51.762,\N,\N,111.762,NA,22
5297,873,39,164,23,23,1:52.372,\N,\N,112.372,NA,23
5298,873,37,164,22,24,1:53.355,\N,\N,113.35499999999999,NA,24
5299,874,20,9,1,1,1:32.608,1:31.501,1:30.839,92.608,91.501,6
5300,874,17,9,2,2,1:32.951,1:31.950,1:31.090,92.951,91.95,11
5301,874,18,1,3,3,1:33.077,1:31.772,1:31.290,93.077,91.77199999999999,15
5302,874,155,15,14,4,1:32.042,1:31.886,1:31.700,92.042,91.886,2
5303,874,154,208,10,5,1:32.029,1:31.988,1:31.898,92.029,91.988,1
5304,874,815,15,15,6,1:32.147,1:32.169,1:32.022,92.14699999999999,92.169,3
5305,874,4,6,5,7,1:32.459,1:31.833,1:32.114,92.459,91.833,5
5306,874,8,208,9,8,1:32.221,1:31.826,1:32.208,92.221,91.826,4
5307,874,1,1,4,9,1:33.061,1:32.121,1:32.327,93.061,92.12100000000001,14
5308,874,807,10,12,10,1:32.828,1:32.272,\N,92.828,92.27199999999999,7
5309,874,13,6,6,11,1:32.946,1:32.293,\N,92.946,92.293,10
5310,874,814,10,11,12,1:32.898,1:32.327,\N,92.898,92.327,9
5311,874,30,131,7,13,1:33.349,1:32.469,\N,93.34899999999999,92.469,16
5312,874,813,3,18,14,1:32.834,1:32.512,\N,92.834,92.512,8
5313,874,3,131,8,15,1:33.015,1:32.625,\N,93.015,92.625,12
5314,874,817,5,16,16,1:33.059,1:32.954,\N,93.059,92.95400000000001,13
5315,874,818,5,17,17,1:33.370,1:33.368,\N,93.37,93.368,17
5316,874,811,3,19,18,1:33.405,\N,\N,93.405,NA,18
5317,874,5,207,20,19,1:34.657,\N,\N,94.657,NA,19
5318,874,10,206,24,20,1:35.213,\N,\N,95.213,NA,20
5319,874,37,164,22,21,1:35.385,\N,\N,95.38499999999999,NA,21
5320,874,819,206,25,22,1:35.429,\N,\N,95.429,NA,22
5321,874,808,207,21,23,1:35.432,\N,\N,95.432,NA,23
5322,874,39,164,23,24,1:36.734,\N,\N,96.73400000000001,NA,24
5323,875,17,9,2,1,1:38.397,1:38.220,1:37.242,98.39699999999999,98.22,2
5324,875,20,9,1,2,1:38.208,1:37.767,1:37.316,98.208,97.767,1
5325,875,1,1,4,3,1:39.180,1:38.000,1:37.469,99.18,98,17
5326,875,4,6,5,4,1:39.144,1:37.987,1:37.534,99.144,97.987,16
5327,875,8,208,9,5,1:38.887,1:38.227,1:37.625,98.887,98.227,10
5328,875,13,6,6,6,1:38.937,1:38.253,1:37.884,98.937,98.253,11
5329,875,154,208,10,7,1:38.863,1:38.275,1:37.934,98.863,98.275,9
5330,875,807,10,12,8,1:38.981,1:38.428,1:38.266,98.981,98.428,13
5331,875,3,131,8,9,1:38.999,1:38.417,1:38.361,98.999,98.417,14
5332,875,30,131,7,10,1:38.808,1:38.436,1:38.513,98.80799999999999,98.436,8
5333,875,18,1,3,11,1:38.615,1:38.441,\N,98.61500000000001,98.441,3
5334,875,815,15,15,12,1:38.630,1:38.460,\N,98.63,98.46000000000001,4
5335,875,155,15,14,13,1:38.719,1:38.594,\N,98.719,98.594,5
5336,875,814,10,11,14,1:38.942,1:38.643,\N,98.94200000000001,98.643,12
5337,875,813,3,18,15,1:39.024,1:38.725,\N,99.024,98.725,15
5338,875,817,5,16,16,1:38.784,1:39.084,\N,98.78399999999999,99.084,7
5339,875,818,5,17,17,1:38.744,1:39.340,\N,98.744,99.34,6
5340,875,811,3,19,18,1:39.443,\N,\N,99.443,NA,18
5341,875,808,207,21,19,1:40.207,\N,\N,100.207,NA,19
5342,875,5,207,20,20,1:40.333,\N,\N,100.333,NA,20
5343,875,819,206,25,21,1:41.317,\N,\N,101.31700000000001,NA,21
5344,875,10,206,24,22,1:41.371,\N,\N,101.37100000000001,NA,22
5345,875,37,164,22,23,1:42.881,\N,\N,102.881,NA,23
5346,876,20,9,1,1,1:26.387,1:25.435,1:25.283,86.387,85.435,2
5347,876,17,9,2,2,1:26.744,1:25.610,1:25.327,86.744,85.61,7
5348,876,1,1,4,3,1:26.516,1:25.816,1:25.544,86.51599999999999,85.816,4
5349,876,18,1,3,4,1:26.564,1:25.467,1:25.659,86.564,85.467,5
5350,876,4,6,5,5,1:26.829,1:25.834,1:25.773,86.82900000000001,85.834,8
5351,876,13,6,6,6,1:26.939,1:26.111,1:25.857,86.939,86.111,11
5352,876,8,208,9,7,1:26.740,1:26.101,1:26.236,86.74,86.101,6
5353,876,815,15,15,8,1:27.179,1:26.076,1:26.360,87.179,86.076,13
5354,876,813,3,18,9,1:26.048,1:25.983,1:26.713,86.048,85.983,1
5355,876,3,131,8,10,1:26.458,1:25.976,\N,86.458,85.976,3
5356,876,154,208,10,11,1:26.897,1:26.136,\N,86.89699999999999,86.136,10
5357,876,807,10,12,12,1:27.185,1:26.241,\N,87.185,86.241,14
5358,876,811,3,19,13,1:26.851,1:26.331,\N,86.851,86.331,9
5359,876,30,131,7,14,1:27.482,1:26.574,\N,87.482,86.574,16
5360,876,817,5,16,15,1:27.006,1:26.777,\N,87.006,86.777,12
5361,876,814,10,11,16,1:27.462,1:26.989,\N,87.462,86.989,15
5362,876,155,15,14,17,1:27.517,1:27.219,\N,87.517,87.219,17
5363,876,818,5,17,18,1:27.525,\N,\N,87.525,NA,18
5364,876,808,207,21,19,1:28.756,\N,\N,88.756,NA,19
5365,876,5,207,20,20,1:29.500,\N,\N,89.5,NA,20
5366,876,10,206,24,21,1:29.613,\N,\N,89.613,NA,21
5367,876,37,164,22,22,1:30.592,\N,\N,90.592,NA,22
5368,876,39,164,23,23,1:30.593,\N,\N,90.593,NA,23
5369,876,819,206,25,24,1:30.662,\N,\N,90.662,NA,24
5370,877,1,1,4,1,1:41.497,1:40.901,1:40.630,101.497,100.90100000000001,1
5371,877,17,9,2,2,1:41.933,1:41.277,1:40.978,101.93299999999999,101.277,3
5372,877,20,9,1,3,1:42.160,1:41.511,1:41.073,102.16,101.511,8
5373,877,813,3,18,4,1:41.981,1:41.907,1:41.226,101.981,101.907,6
5374,877,8,208,9,5,1:42.222,1:41.532,1:41.260,102.22200000000001,101.532,9
5375,877,18,1,3,6,1:42.342,1:41.873,1:41.290,102.342,101.87299999999999,10
5376,877,4,6,5,7,1:41.939,1:41.514,1:41.582,101.939,101.51400000000001,4
5377,877,3,131,8,8,1:41.926,1:41.698,1:41.603,101.926,101.69800000000001,2
5378,877,13,6,6,9,1:41.974,1:41.846,1:41.723,101.97399999999999,101.846,5
5379,877,154,208,10,10,1:42.046,1:41.620,1:41.778,102.04599999999999,101.62,7
5380,877,807,10,12,11,1:42.579,1:42.019,\N,102.57900000000001,102.019,12
5381,877,815,15,15,12,1:42.624,1:42.084,\N,102.624,102.084,13
5382,877,814,10,11,13,1:42.572,1:42.218,\N,102.572,102.218,11
5383,877,30,131,7,14,1:42.735,1:42.289,\N,102.735,102.289,14
5384,877,811,3,19,15,1:43.298,1:42.330,\N,103.298,102.33,16
5385,877,155,15,14,16,1:43.582,1:42.606,\N,103.582,102.606,17
5386,877,817,5,16,17,1:43.280,1:42.765,\N,103.28,102.765,15
5387,877,818,5,17,18,1:44.058,\N,\N,104.05799999999999,NA,18
5388,877,5,207,20,19,1:44.956,\N,\N,104.956,NA,19
5389,877,819,206,25,20,1:45.089,\N,\N,105.089,NA,20
5390,877,808,207,21,21,1:45.151,\N,\N,105.15100000000001,NA,21
5391,877,10,206,24,22,1:45.426,\N,\N,105.426,NA,22
5392,877,37,164,22,23,1:45.766,\N,\N,105.76599999999999,NA,23
5393,877,39,164,23,24,1:46.382,\N,\N,106.382,NA,24
5394,878,20,9,1,1,1:36.558,1:35.796,1:35.657,96.55799999999999,95.79599999999999,1
5395,878,1,1,4,2,1:37.058,1:36.795,1:35.766,97.05799999999999,96.795,2
5396,878,17,9,2,3,1:37.215,1:36.298,1:36.174,97.215,96.298,3
5397,878,154,208,10,4,1:37.486,1:36.906,1:36.587,97.48599999999999,96.906,4
5398,878,8,208,9,5,1:38.051,1:37.404,1:36.708,98.051,97.404,12
5399,878,30,131,7,6,1:37.927,1:37.102,1:36.794,97.92699999999999,97.102,10
5400,878,13,6,6,7,1:37.667,1:36.549,1:36.937,97.667,96.549,8
5401,878,807,10,12,8,1:37.756,1:37.066,1:37.141,97.756,97.066,9
5402,878,4,6,5,9,1:37.968,1:37.123,1:37.300,97.968,97.12299999999999,11
5403,878,813,3,18,10,1:37.537,1:37.011,1:37.842,97.537,97.011,6
5404,878,811,3,19,11,1:37.520,1:37.604,\N,97.52000000000001,97.604,5
5405,878,18,1,3,12,1:37.565,1:37.616,\N,97.565,97.616,7
5406,878,814,10,11,13,1:38.104,1:37.665,\N,98.104,97.66499999999999,13
5407,878,818,5,17,14,1:38.434,1:37.879,\N,98.434,97.87899999999999,15
5408,878,815,15,15,15,1:38.500,1:38.206,\N,98.5,98.206,16
5409,878,155,15,14,16,1:38.418,1:38.437,\N,98.418,98.437,14
5410,878,3,131,8,17,1:38.862,1:38.501,\N,98.862,98.501,17
5411,878,817,5,16,18,1:39.114,\N,\N,99.114,NA,18
5412,878,10,206,24,19,1:40.056,\N,\N,100.056,NA,19
5413,878,819,206,25,20,1:40.664,\N,\N,100.664,NA,20
5414,878,808,207,21,21,1:40.809,\N,\N,100.809,NA,21
5415,878,5,207,20,22,1:41.166,\N,\N,101.166,NA,22
5416,878,37,164,22,23,1:42.011,\N,\N,102.011,NA,23
5417,878,39,164,23,24,1:42.740,\N,\N,102.74000000000001,NA,24
5418,879,1,1,4,1,1:15.075,1:13.398,1:12.458,75.075,73.398,1
5419,879,18,1,3,2,1:15.456,1:13.515,1:12.513,75.456,73.515,3
5420,879,17,9,2,3,1:16.180,1:13.667,1:12.581,76.18,73.667,11
5421,879,20,9,1,4,1:15.644,1:13.209,1:12.760,75.644,73.209,5
5422,879,13,6,6,5,1:16.263,1:14.048,1:12.987,76.263,74.048,12
5423,879,813,3,18,6,1:16.266,1:13.698,1:13.174,76.26599999999999,73.69800000000001,13
5424,879,807,10,12,7,1:15.536,1:13.704,1:13.206,75.536,73.70400000000001,4
5425,879,4,6,5,8,1:16.097,1:13.856,1:13.253,76.09700000000001,73.856,10
5426,879,8,208,9,9,1:16.432,1:13.698,1:13.298,76.432,73.69800000000001,15
5427,879,3,131,8,10,1:15.929,1:13.848,1:13.489,75.929,73.848,7
5428,879,814,10,11,11,1:15.901,1:14.121,\N,75.901,74.121,6
5429,879,811,3,19,12,1:15.333,1:14.219,\N,75.333,74.219,2
5430,879,815,15,15,13,1:15.974,1:14.234,\N,75.974,74.234,8
5431,879,30,131,7,14,1:16.005,1:14.334,\N,76.005,74.334,9
5432,879,155,15,14,15,1:16.400,1:14.380,\N,76.4,74.38,14
5433,879,817,5,16,16,1:16.744,1:14.574,\N,76.744,74.574,17
5434,879,818,5,17,17,1:16.722,1:14.619,\N,76.72200000000001,74.619,16
5435,879,154,208,10,18,1:16.967,\N,\N,76.967,NA,18
5436,879,808,207,21,19,1:17.073,\N,\N,77.07300000000001,NA,19
5437,879,5,207,20,20,1:17.086,\N,\N,77.086,NA,20
5438,879,10,206,24,21,1:17.508,\N,\N,77.508,NA,21
5439,879,819,206,25,22,1:18.104,\N,\N,78.104,NA,22
5440,879,39,164,23,23,1:19.576,\N,\N,79.576,NA,23
5441,879,37,164,22,24,1:19.699,\N,\N,79.699,NA,24
5442,880,20,9,1,1,1:44.657,1:36.745,1:27.407,104.657,96.745,7
5443,880,17,9,2,2,1:44.472,1:36.524,1:27.827,104.47200000000001,96.524,5
5444,880,1,131,10,3,1:45.456,1:36.625,1:28.087,105.456,96.625,10
5445,880,13,6,4,4,1:44.635,1:36.666,1:28.490,104.63499999999999,96.666,6
5446,880,4,6,3,5,1:43.850,1:36.691,1:28.493,103.85,96.691,2
5447,880,3,131,9,6,1:43.380,1:36.194,1:28.523,103.38,96.194,1
5448,880,8,208,7,7,1:45.545,1:37.517,1:28.738,105.545,97.517,11
5449,880,154,208,8,8,1:44.284,1:37.641,1:29.013,104.28399999999999,97.64099999999999,3
5450,880,814,10,14,9,1:45.601,1:36.901,1:29.305,105.601,96.90100000000001,12
5451,880,18,1,5,10,1:44.688,1:36.644,1:30.357,104.688,96.644,8
5452,880,807,15,11,11,1:45.930,1:38.067,\N,105.93,98.06700000000001,13
5453,880,16,10,15,12,1:47.330,1:38.134,\N,107.33,98.134,16
5454,880,818,5,18,13,1:44.871,1:38.778,\N,104.87100000000001,98.77799999999999,9
5455,880,817,5,19,14,1:46.450,1:39.042,\N,106.45,99.042,14
5456,880,815,1,6,15,1:44.400,1:39.900,\N,104.4,99.9,4
5457,880,822,3,17,16,1:47.328,1:40.290,\N,107.328,100.28999999999999,15
5458,880,813,3,16,17,1:47.614,\N,\N,107.614,NA,17
5459,880,821,15,12,18,1:47.776,\N,\N,107.77600000000001,NA,18
5460,880,824,206,22,19,1:48.147,\N,\N,108.14699999999999,NA,19
5461,880,820,206,23,20,1:48.909,\N,\N,108.90899999999999,NA,20
5462,880,823,207,21,21,1:49.519,\N,\N,109.519,NA,21
5463,880,819,207,20,22,1:50.626,\N,\N,110.626,NA,22
5464,881,20,9,1,1,1:37.899,1:37.245,1:49.674,97.899,97.245,15
5465,881,13,6,4,2,1:37.712,1:36.874,1:50.587,97.712,96.874,12
5466,881,4,6,3,3,1:37.314,1:36.877,1:50.727,97.314,96.87700000000001,4
5467,881,1,131,10,4,1:37.513,1:36.517,1:51.699,97.513,96.517,8
5468,881,17,9,2,5,1:37.619,1:36.449,1:52.244,97.619,96.449,9
5469,881,3,131,9,6,1:37.239,1:36.190,1:52.519,97.239,96.19,3
5470,881,8,208,7,7,1:36.959,1:36.640,1:52.970,96.959,96.64,2
5471,881,18,1,5,8,1:37.487,1:37.117,1:53.175,97.487,97.11699999999999,6
5472,881,16,10,15,9,1:36.809,1:36.834,1:53.439,96.809,96.834,1
5473,881,815,1,6,10,1:37.702,1:37.342,1:54.136,97.702,97.342,10
5474,881,154,208,8,11,1:37.363,1:37.636,\N,97.363,97.636,5
5475,881,807,15,11,12,1:37.931,1:38.125,\N,97.931,98.125,16
5476,881,817,5,19,13,1:37.722,1:38.822,\N,97.72200000000001,98.822,13
5477,881,821,15,12,14,1:37.707,1:39.221,\N,97.707,99.221,11
5478,881,814,10,14,15,1:37.493,1:44.509,\N,97.493,104.509,7
5479,881,813,3,16,16,1:37.867,\N,\N,97.86699999999999,NA,14
5480,881,818,5,18,17,1:38.157,\N,\N,98.157,NA,17
5481,881,822,3,17,18,1:38.207,\N,\N,98.207,NA,18
5482,881,824,206,22,19,1:38.434,\N,\N,98.434,NA,19
5483,881,819,207,20,20,1:39.314,\N,\N,99.314,NA,20
5484,881,820,206,23,21,1:39.672,\N,\N,99.672,NA,21
5485,881,823,207,21,22,1:39.932,\N,\N,99.932,NA,22
5486,882,1,131,10,1,1:35.793,1:35.078,1:34.484,95.793,95.078,1
5487,882,8,208,7,2,1:37.046,1:35.659,1:34.761,97.04599999999999,95.65899999999999,12
5488,882,4,6,3,3,1:36.253,1:35.148,1:34.788,96.253,95.148,5
5489,882,3,131,9,4,1:35.959,1:35.537,1:34.861,95.959,95.537,2
5490,882,13,6,4,5,1:35.972,1:35.403,1:34.933,95.97200000000001,95.40299999999999,3
5491,882,154,208,8,6,1:36.929,1:36.065,1:35.364,96.929,96.065,8
5492,882,817,5,19,7,1:36.993,1:36.258,1:35.998,96.993,96.25800000000001,11
5493,882,18,1,5,8,1:36.667,1:35.784,2:05.673,96.667,95.78399999999999,7
5494,882,20,9,1,9,1:36.537,1:35.343,\N,96.537,95.343,6
5495,882,807,15,11,10,1:36.985,1:36.261,\N,96.985,96.261,10
5496,882,814,10,14,11,1:37.478,1:36.287,\N,97.47800000000001,96.287,15
5497,882,815,1,6,12,1:36.952,1:36.314,\N,96.952,96.314,9
5498,882,16,10,15,13,1:37.349,1:36.405,\N,97.34899999999999,96.405,14
5499,882,17,9,2,14,1:36.148,1:36.679,\N,96.148,96.679,4
5500,882,813,3,16,15,1:37.281,1:37.139,\N,97.281,97.13900000000001,13
5501,882,818,5,18,16,1:37.508,1:37.199,\N,97.50800000000001,97.199,16
5502,882,822,3,17,17,1:37.769,\N,\N,97.769,NA,17
5503,882,821,15,12,18,1:37.990,\N,\N,97.99000000000001,NA,18
5504,882,824,206,22,19,1:38.780,\N,\N,98.78,NA,19
5505,882,820,206,23,20,1:39.537,\N,\N,99.537,NA,20
5506,882,819,207,20,21,1:39.614,\N,\N,99.614,NA,21
5507,882,823,207,21,22,1:39.660,\N,\N,99.66,NA,22
5508,883,3,131,9,1,1:33.364,1:32.867,1:32.330,93.364,92.86699999999999,3
5509,883,20,9,1,2,1:33.327,1:32.746,1:32.584,93.327,92.74600000000001,2
5510,883,4,6,3,3,1:32.878,1:33.316,1:32.667,92.878,93.316,1
5511,883,1,131,10,4,1:33.498,1:33.346,1:32.762,93.49799999999999,93.346,4
5512,883,17,9,2,5,1:33.966,1:33.098,1:33.078,93.96600000000001,93.098,9
5513,883,13,6,4,6,1:33.780,1:33.358,1:33.207,93.78,93.358,7
5514,883,814,10,14,7,1:33.762,1:33.335,1:33.235,93.762,93.33500000000001,6
5515,883,16,10,15,8,1:34.048,1:33.378,1:33.246,94.048,93.378,10
5516,883,8,208,7,9,1:33.827,1:33.146,1:33.327,93.827,93.146,8
5517,883,18,1,5,10,1:34.071,1:33.702,\N,94.071,93.702,11
5518,883,154,208,8,11,1:33.498,1:33.762,\N,93.49799999999999,93.762,4
5519,883,815,1,6,12,1:34.310,1:33.914,\N,94.31,93.914,13
5520,883,817,5,19,13,1:34.120,1:33.974,\N,94.12,93.97399999999999,12
5521,883,807,15,11,14,1:34.409,1:33.976,\N,94.40899999999999,93.976,15
5522,883,822,3,17,15,1:34.425,1:34.105,\N,94.425,94.10499999999999,16
5523,883,818,5,18,16,1:34.314,1:34.284,\N,94.314,94.28399999999999,14
5524,883,813,3,16,17,1:34.425,\N,\N,94.425,NA,16
5525,883,821,15,12,18,1:34.730,\N,\N,94.72999999999999,NA,18
5526,883,819,207,20,19,1:35.283,\N,\N,95.283,NA,19
5527,883,824,206,22,20,1:36.178,\N,\N,96.178,NA,20
5528,883,823,207,21,21,1:36.304,\N,\N,96.304,NA,21
5529,883,820,206,23,22,1:36.476,\N,\N,96.476,NA,22
5530,884,3,131,9,1,1:21.913,1:21.776,1:20.718,81.913,81.776,2
5531,884,1,131,10,2,1:21.728,1:21.001,1:20.972,81.72800000000001,81.001,1
5532,884,20,9,1,3,1:22.158,1:21.602,1:21.054,82.158,81.602,3
5533,884,8,208,7,4,1:22.210,1:21.676,1:21.177,82.21000000000001,81.676,4
5534,884,4,6,3,5,1:22.264,1:21.646,1:21.218,82.264,81.646,5
5535,884,13,6,4,6,1:22.492,1:21.978,1:21.219,82.492,81.97800000000001,7
5536,884,154,208,8,7,1:22.613,1:21.998,1:21.308,82.613,81.998,8
5537,884,17,9,2,8,1:22.342,1:21.718,1:21.570,82.342,81.718,6
5538,884,815,1,6,9,1:23.116,1:21.790,1:22.069,83.116,81.78999999999999,14
5539,884,814,10,14,10,1:22.663,1:22.019,1:22.233,82.663,82.019,9
5540,884,817,5,19,11,1:22.905,1:22.127,\N,82.905,82.127,11
5541,884,818,5,18,12,1:22.775,1:22.166,\N,82.775,82.166,10
5542,884,16,10,15,13,1:22.952,1:22.346,\N,82.952,82.346,12
5543,884,18,1,5,14,1:23.166,1:22.355,\N,83.166,82.355,15
5544,884,807,15,11,15,1:23.058,1:22.389,\N,83.05799999999999,82.389,13
5545,884,821,15,12,16,1:23.218,1:22.793,\N,83.218,82.793,16
5546,884,822,3,17,17,1:23.260,\N,\N,83.26,NA,17
5547,884,813,3,16,18,1:23.318,\N,\N,83.318,NA,18
5548,884,823,207,21,19,1:24.661,\N,\N,84.661,NA,19
5549,884,824,206,22,20,1:24.713,\N,\N,84.713,NA,20
5550,884,820,206,23,21,1:24.996,\N,\N,84.996,NA,21
5551,884,819,207,20,22,1:25.070,\N,\N,85.07,NA,22
5552,885,3,131,9,1,1:24.620,1:16.135,1:13.876,84.62,76.135,8
5553,885,1,131,10,2,1:23.779,1:16.265,1:13.967,83.779,76.265,6
5554,885,20,9,1,3,1:24.243,1:15.988,1:13.980,84.243,75.988,7
5555,885,17,9,2,4,1:25.352,1:17.322,1:14.181,85.352,77.322,13
5556,885,8,208,7,5,1:25.835,1:16.040,1:14.822,85.83500000000001,76.03999999999999,15
5557,885,4,6,3,6,1:23.712,1:16.510,1:14.824,83.712,76.51,3
5558,885,815,1,6,7,1:24.682,1:17.748,1:15.138,84.682,77.748,10
5559,885,16,10,15,8,1:25.108,1:17.261,1:15.383,85.108,77.261,12
5560,885,18,1,5,9,1:23.744,1:17.420,1:15.647,83.744,77.42,5
5561,885,818,5,18,10,1:23.699,1:17.623,1:15.703,83.699,77.623,2
5562,885,807,15,11,11,1:25.547,1:18.331,\N,85.547,78.331,14
5563,885,817,5,19,12,1:24.852,1:18.344,\N,84.852,78.344,11
5564,885,154,208,8,13,1:23.738,1:18.603,\N,83.738,78.60300000000001,4
5565,885,822,3,17,14,1:24.681,1:19.077,\N,84.681,79.077,9
5566,885,823,207,21,15,1:26.095,1:19.408,\N,86.095,79.408,16
5567,885,813,3,16,16,1:23.452,1:21.688,\N,83.452,81.688,1
5568,885,814,10,14,17,1:26.322,\N,\N,86.322,NA,17
5569,885,819,207,20,18,1:26.633,\N,\N,86.633,NA,18
5570,885,821,15,12,19,1:26.917,\N,\N,86.917,NA,19
5571,885,820,206,23,20,1:27.303,\N,\N,87.303,NA,20
5574,886,20,9,1,1,1:22.318,1:28.166,1:25.425,82.318,88.166,1
5575,886,1,131,10,2,1:23.801,1:27.649,1:25.512,83.801,87.649,6
5576,886,822,3,17,3,1:23.446,1:28.419,1:25.897,83.446,88.419,4
5577,886,3,131,9,4,1:23.840,1:28.420,1:26.008,83.84,88.42,7
5578,886,17,9,2,5,1:23.247,1:28.145,1:26.208,83.247,88.145,3
5579,886,4,6,3,6,1:23.224,1:28.788,1:26.504,83.224,88.788,2
5580,886,818,5,18,7,1:24.159,1:28.527,1:26.543,84.15899999999999,88.527,10
5581,886,16,10,15,8,1:24.551,1:28.799,1:27.348,84.551,88.799,14
5582,886,8,208,7,9,1:24.451,1:28.667,1:27.432,84.451,88.667,13
5583,886,817,5,19,10,1:24.770,1:29.359,1:27.946,84.77,89.35900000000001,15
5584,886,807,15,11,11,1:23.899,1:29.435,\N,83.899,89.435,8
5585,886,815,1,6,12,1:24.176,1:29.761,\N,84.176,89.761,11
5586,886,813,3,16,13,1:24.776,1:29.917,\N,84.776,89.917,16
5587,886,18,1,5,14,1:24.021,1:30.068,\N,84.021,90.068,9
5588,886,821,15,12,15,1:24.408,1:30.315,\N,84.408,90.315,12
5589,886,13,6,4,16,1:23.735,1:30.354,\N,83.735,90.354,5
5590,886,814,10,14,17,1:24.908,\N,\N,84.908,NA,17
5591,886,819,207,20,18,1:25.626,\N,\N,85.626,NA,18
5592,886,154,208,8,19,1:25.716,\N,\N,85.71600000000001,NA,19
5593,886,824,206,22,20,1:26.508,\N,\N,86.508,NA,20
5594,886,820,206,23,21,1:27.062,\N,\N,87.062,NA,21
5595,886,823,207,21,22,1:27.110,\N,\N,87.11,NA,22
5596,887,1,131,10,1,1:30.995,1:31.224,1:29.607,90.995,91.224,1
5597,887,3,131,9,2,1:31.355,1:31.028,1:30.059,91.355,91.02799999999999,2
5598,887,20,9,1,3,1:31.559,1:30.990,1:30.211,91.559,90.99,5
5599,887,17,9,2,4,1:31.605,1:31.002,1:30.220,91.605,91.002,6
5600,887,814,10,14,5,1:32.062,1:31.291,1:30.736,92.062,91.291,10
5601,887,817,5,19,6,1:32.097,1:31.182,1:30.757,92.09700000000001,91.182,11
5602,887,16,10,15,7,1:32.002,1:31.097,1:30.908,92.00200000000001,91.09700000000001,9
5603,887,154,208,8,8,1:31.466,1:31.530,1:30.955,91.46600000000001,91.53,4
5604,887,8,208,7,9,1:31.400,1:31.592,1:30.962,91.4,91.592,3
5605,887,4,6,3,10,1:32.266,1:31.387,1:30.979,92.26599999999999,91.387,15
5606,887,18,1,5,11,1:31.979,1:31.649,\N,91.979,91.649,8
5607,887,13,6,4,12,1:32.241,1:31.779,\N,92.241,91.779,14
5608,887,818,5,18,13,1:32.105,1:31.785,\N,92.10499999999999,91.785,12
5609,887,815,1,6,14,1:31.953,1:32.082,\N,91.953,92.082,7
5610,887,807,15,11,15,1:32.168,1:32.211,\N,92.168,92.211,13
5611,887,813,3,16,16,1:32.512,1:32.359,\N,92.512,92.35900000000001,16
5612,887,822,3,17,17,1:32.664,\N,\N,92.664,NA,17
5613,887,821,15,12,18,1:32.666,\N,\N,92.666,NA,18
5614,887,819,207,20,19,1:33.866,\N,\N,93.866,NA,19
5615,887,824,206,22,20,1:34.108,\N,\N,94.108,NA,20
5616,887,823,207,21,21,1:35.481,\N,\N,95.481,NA,21
5617,887,820,206,23,22,1:35.858,\N,\N,95.858,NA,22
5618,888,1,131,10,1,1:31.131,1:30.152,1:29.398,91.131,90.152,5
5619,888,20,9,1,2,1:31.269,1:29.992,1:29.501,91.269,89.992,9
5620,888,17,9,2,3,1:31.428,1:30.217,1:29.608,91.428,90.217,13
5621,888,8,208,7,4,1:30.676,1:29.852,1:29.892,90.676,89.852,2
5622,888,154,208,8,5,1:31.242,1:30.005,1:29.959,91.242,90.005,8
5623,888,817,5,19,6,1:31.081,1:30.223,1:30.528,91.081,90.223,4
5624,888,13,6,4,7,1:30.547,1:29.825,1:31.126,90.547,89.825,1
5625,888,4,6,3,8,1:30.709,1:29.962,1:31.209,90.709,89.962,3
5626,888,18,1,5,9,1:31.181,1:30.269,\N,91.181,90.269,7
5627,888,807,15,11,10,1:31.132,1:30.231,\N,91.132,90.231,6
5628,888,3,131,9,11,1:31.322,1:30.326,\N,91.322,90.326,11
5629,888,814,10,14,12,1:31.322,1:30.697,\N,91.322,90.697,11
5630,888,815,1,6,13,1:31.498,1:30.933,\N,91.498,90.93299999999999,14
5631,888,821,15,12,14,1:31.681,1:31.010,\N,91.681,91.01,16
5632,888,16,10,15,15,1:31.320,1:31.010,\N,91.32,91.01,10
5633,888,818,5,18,16,1:31.629,1:31.104,\N,91.629,91.104,15
5634,888,822,3,17,17,1:31.693,\N,\N,91.693,NA,17
5635,888,813,3,16,18,1:31.707,\N,\N,91.707,NA,18
5636,888,819,207,20,19,1:32.937,\N,\N,92.937,NA,19
5637,888,824,206,22,20,1:33.063,\N,\N,93.063,NA,20
5638,888,823,207,21,21,1:33.734,\N,\N,93.73400000000001,NA,21
5639,888,820,206,23,22,1:34.098,\N,\N,94.098,NA,22
5640,890,1,131,10,1,1:20.363,1:19.862,1:19.388,80.363,79.862,2
5641,890,20,9,1,2,1:20.646,1:19.992,1:19.426,80.646,79.992,4
5642,890,154,208,8,3,1:20.447,1:20.101,1:19.595,80.447,80.101,3
5643,890,3,131,9,4,1:20.350,1:19.778,1:19.720,80.35,79.77799999999999,1
5644,890,4,6,3,5,1:20.652,1:20.183,1:19.791,80.652,80.18299999999999,5
5645,890,8,208,7,6,1:20.867,1:20.243,1:19.851,80.867,80.243,7
5646,890,13,6,4,7,1:21.004,1:20.460,1:19.929,81.004,80.46000000000001,8
5647,890,817,5,19,8,1:21.181,1:20.527,1:20.641,81.181,80.527,12
5648,890,815,1,6,9,1:21.612,1:20.545,1:22.398,81.612,80.545,16
5649,890,17,9,2,10,1:21.264,1:20.503,\N,81.264,80.503,13
5650,890,16,10,15,11,1:21.471,1:20.569,\N,81.471,80.569,15
5651,890,807,15,11,12,1:21.028,1:20.580,\N,81.02799999999999,80.58,9
5652,890,18,1,5,13,1:21.131,1:20.777,\N,81.131,80.777,10
5653,890,818,5,18,14,1:21.345,1:21.029,\N,81.345,81.029,14
5654,890,813,3,16,15,1:20.816,1:21.133,\N,80.816,81.133,6
5655,890,822,3,17,16,1:21.135,1:21.219,\N,81.135,81.219,11
5656,890,821,15,12,17,1:21.724,\N,\N,81.724,NA,17
5657,890,814,10,14,18,1:22.043,\N,\N,82.043,NA,18
5658,890,819,207,20,19,1:23.007,\N,\N,83.007,NA,19
5659,890,823,207,21,20,1:23.333,\N,\N,83.333,NA,20
5660,890,824,206,22,21,1:23.787,\N,\N,83.787,NA,21
5661,890,820,206,23,22,1:23.997,\N,\N,83.997,NA,22
5662,891,1,131,10,1,2:00.368,1:49.067,2:01.012,120.368,109.06700000000001,2
5663,891,20,9,1,2,2:01.863,1:48.646,2:01.200,121.863,108.646,10
5664,891,17,9,2,3,2:01.597,1:48.641,2:01.325,121.597,108.64099999999999,8
5665,891,3,131,9,4,2:01.099,1:48.552,2:02.251,121.099,108.55199999999999,4
5666,891,814,10,14,5,2:02.338,1:48.925,2:02.332,122.338,108.925,12
5667,891,18,1,5,6,2:01.301,1:48.641,2:03.075,121.301,108.64099999999999,6
5668,891,154,208,8,7,2:02.476,1:48.649,2:03.081,122.476,108.649,14
5669,891,8,208,7,8,2:01.151,1:48.296,2:03.390,121.151,108.29599999999999,5
5670,891,4,6,3,9,2:00.190,1:48.309,2:03.482,120.19,108.309,1
5671,891,13,6,4,10,2:01.462,1:49.020,2:04.059,121.462,109.02000000000001,7
5672,891,807,15,11,11,2:01.712,1:49.088,\N,121.712,109.088,9
5673,891,16,10,15,12,2:02.749,1:49.103,\N,122.749,109.10300000000001,15
5674,891,815,1,6,13,2:02.425,1:49.304,\N,122.425,109.304,13
5675,891,823,207,21,14,2:00.564,1:52.036,\N,120.564,112.036,3
5676,891,824,206,22,15,2:02.110,1:52.563,\N,122.11,112.563,11
5677,891,820,206,23,16,2:02.948,1:52.762,\N,122.948,112.762,16
5678,891,813,3,16,17,2:03.072,\N,\N,123.072,NA,17
5679,891,818,5,18,18,2:03.300,\N,\N,123.3,NA,18
5680,891,817,5,19,19,2:03.317,\N,\N,123.31700000000001,NA,19
5681,891,822,3,17,20,2:03.432,\N,\N,123.432,NA,20
5682,891,821,15,12,21,2:04.324,\N,\N,124.324,NA,21
5683,891,819,207,20,22,2:07.384,\N,\N,127.384,NA,22
5684,892,20,9,1,1,1:24.319,1:23.977,1:23.755,84.319,83.977,1
5685,892,17,9,2,2,1:24.923,1:24.263,1:23.968,84.923,84.263,13
5686,892,807,15,11,3,1:24.776,1:24.305,1:24.065,84.776,84.305,10
5687,892,13,6,4,4,1:24.950,1:24.479,1:24.132,84.95,84.479,14
5688,892,4,6,3,5,1:24.661,1:24.227,1:24.142,84.661,84.227,7
5689,892,3,131,9,6,1:24.527,1:24.393,1:24.192,84.527,84.393,2
5690,892,817,5,19,7,1:24.655,1:24.290,1:24.209,84.655,84.28999999999999,6
5691,892,815,1,6,8,1:24.635,1:24.592,1:24.502,84.635,84.592,5
5692,892,18,1,5,9,1:24.739,1:24.563,1:24.515,84.739,84.563,9
5693,892,818,5,18,10,1:24.630,1:24.575,1:28.050,84.63,84.575,4
5694,892,8,208,7,11,1:24.819,1:24.610,\N,84.819,84.61,11
5695,892,1,131,10,12,1:24.589,1:24.803,\N,84.589,84.803,3
5696,892,154,208,8,13,1:24.737,1:24.848,\N,84.737,84.848,8
5697,892,16,10,15,14,1:25.030,1:24.932,\N,85.03,84.932,16
5698,892,813,3,16,15,1:24.905,1:25.011,\N,84.905,85.011,12
5699,892,814,10,14,16,1:25.009,1:25.077,\N,85.009,85.077,15
5700,892,821,15,12,17,1:25.226,\N,\N,85.226,NA,17
5701,892,822,3,17,18,1:25.291,\N,\N,85.291,NA,18
5702,892,823,207,21,19,1:26.406,\N,\N,86.406,NA,19
5703,892,819,207,20,20,1:26.563,\N,\N,86.563,NA,20
5704,892,824,206,22,21,1:27.085,\N,\N,87.08500000000001,NA,21
5705,892,820,206,23,22,1:27.480,\N,\N,87.48,NA,22
5706,893,20,9,1,1,1:45.376,1:42.905,1:42.841,105.376,102.905,7
5707,893,3,131,9,2,1:45.208,1:43.892,1:42.932,105.208,103.892,5
5708,893,154,208,8,3,1:45.851,1:43.957,1:43.058,105.851,103.957,14
5709,893,17,9,2,4,1:45.271,1:43.272,1:43.152,105.271,103.27199999999999,6
5710,893,1,131,10,5,1:44.196,1:43.920,1:43.254,104.196,103.92,1
5711,893,13,6,4,6,1:45.658,1:44.376,1:43.890,105.658,104.376,13
5712,893,4,6,3,7,1:45.115,1:44.153,1:43.938,105.11500000000001,104.15299999999999,3
5713,893,18,1,5,8,1:45.009,1:44.497,1:44.282,105.009,104.497,2
5714,893,817,5,19,9,1:45.379,1:44.407,1:44.439,105.37899999999999,104.407,8
5715,893,821,15,12,10,1:45.483,1:44.245,\N,105.483,104.245,10
5716,893,807,15,11,11,1:45.381,1:44.555,\N,105.381,104.555,9
5717,893,818,5,18,12,1:45.657,1:44.588,\N,105.657,104.588,12
5718,893,8,208,7,13,1:45.522,1:44.658,\N,105.52199999999999,104.658,11
5719,893,815,1,6,14,1:45.164,1:44.752,\N,105.164,104.75200000000001,4
5720,893,16,10,15,15,1:45.960,1:45.185,\N,105.96000000000001,105.185,15
5721,893,822,3,17,16,1:45.982,1:45.388,\N,105.982,105.388,16
5722,893,814,10,14,17,1:46.121,\N,\N,106.12100000000001,NA,17
5723,893,813,3,16,18,1:46.619,\N,\N,106.619,NA,18
5724,893,819,207,20,19,1:48.111,\N,\N,108.11099999999999,NA,19
5725,893,823,207,21,20,1:48.320,\N,\N,108.32,NA,20
5726,893,824,206,22,21,1:48.830,\N,\N,108.83,NA,21
5727,893,820,206,23,22,1:48.930,\N,\N,108.93,NA,22
5728,894,20,9,1,1,1:38.683,1:37.569,1:37.202,98.68299999999999,97.569,7
5729,894,1,131,10,2,1:38.574,1:37.824,1:37.420,98.574,97.824,6
5730,894,17,9,2,3,1:39.138,1:37.840,1:37.464,99.138,97.84,15
5731,894,154,208,8,4,1:39.065,1:38.076,1:37.531,99.065,98.076,13
5732,894,3,131,9,5,1:38.418,1:38.031,1:37.679,98.418,98.031,2
5733,894,4,6,3,6,1:38.520,1:37.978,1:38.038,98.52000000000001,97.97800000000001,4
5734,894,13,6,4,7,1:38.884,1:38.295,1:38.223,98.884,98.295,10
5735,894,807,15,11,8,1:38.427,1:37.913,1:38.237,98.42699999999999,97.913,3
5736,894,821,15,12,9,1:38.725,1:38.327,1:38.405,98.725,98.327,8
5737,894,8,208,7,10,1:38.341,1:38.181,1:38.822,98.34100000000001,98.181,1
5738,894,815,1,6,11,1:39.049,1:38.362,\N,99.049,98.362,12
5739,894,18,1,5,12,1:38.882,1:38.365,\N,98.882,98.36500000000001,9
5740,894,817,5,19,13,1:38.525,1:38.417,\N,98.525,98.417,5
5741,894,16,10,15,14,1:38.988,1:38.431,\N,98.988,98.431,11
5742,894,814,10,14,15,1:39.185,1:38.718,\N,99.185,98.718,16
5743,894,818,5,18,16,1:39.075,1:38.781,\N,99.075,98.781,14
5744,894,822,3,17,17,1:39.470,\N,\N,99.47,NA,17
5745,894,813,3,16,18,1:39.987,\N,\N,99.987,NA,18
5746,894,819,207,20,19,1:40.864,\N,\N,100.864,NA,19
5747,894,823,207,21,20,1:40.871,\N,\N,100.87100000000001,NA,20
5748,894,824,206,22,21,1:41.169,\N,\N,101.169,NA,21
5749,894,820,206,23,22,1:41.322,\N,\N,101.322,NA,22
5750,895,17,9,2,1,1:32.271,1:31.513,1:30.915,92.271,91.513,4
5751,895,20,9,1,2,1:32.397,1:31.290,1:31.089,92.39699999999999,91.28999999999999,9
5752,895,1,131,10,3,1:32.340,1:31.636,1:31.253,92.34,91.636,6
5753,895,154,208,8,4,1:31.824,1:31.565,1:31.365,91.824,91.565,1
5754,895,13,6,4,5,1:31.994,1:31.668,1:31.378,91.994,91.668,2
5755,895,3,131,9,6,1:32.244,1:31.764,1:31.397,92.244,91.764,3
5756,895,807,15,11,7,1:32.465,1:31.848,1:31.644,92.465,91.848,10
5757,895,4,6,3,8,1:32.371,1:31.828,1:31.665,92.37100000000001,91.828,7
5758,895,8,208,7,9,1:32.377,1:31.662,1:31.684,92.37700000000001,91.662,8
5759,895,18,1,5,10,1:32.606,1:31.838,1:31.827,92.606,91.838,11
5760,895,815,1,6,11,1:32.718,1:31.989,\N,92.718,91.989,14
5761,895,814,10,14,12,1:32.286,1:31.992,\N,92.286,91.992,5
5762,895,822,3,17,13,1:32.613,1:32.013,\N,92.613,92.013,12
5763,895,821,15,12,14,1:32.673,1:32.063,\N,92.673,92.063,13
5764,895,813,3,16,15,1:32.875,1:32.093,\N,92.875,92.093,16
5765,895,817,5,19,16,1:32.804,1:32.485,\N,92.804,92.485,15
5766,895,16,10,15,17,1:32.890,\N,\N,92.89,NA,17
5767,895,818,5,18,18,1:33.357,\N,\N,93.357,NA,18
5768,895,820,206,23,19,1:34.320,\N,\N,94.32,NA,19
5769,895,819,207,20,20,1:34.556,\N,\N,94.556,NA,20
5770,895,823,207,21,21,1:34.879,\N,\N,94.87899999999999,NA,21
5771,895,824,206,22,22,1:34.958,\N,\N,94.958,NA,22
5772,896,20,9,1,1,1:25.943,1:24.568,1:24.119,85.943,84.568,11
5773,896,3,131,9,2,1:25.833,1:25.304,1:24.871,85.833,85.304,7
5774,896,1,131,10,3,1:25.802,1:25.259,1:24.941,85.80199999999999,85.259,5
5775,896,17,9,2,4,1:25.665,1:25.097,1:25.047,85.66499999999999,85.09700000000001,2
5776,896,13,6,4,5,1:25.793,1:25.389,1:25.201,85.793,85.389,4
5777,896,8,208,7,6,1:25.819,1:25.191,1:25.248,85.819,85.191,6
5778,896,807,15,11,7,1:25.883,1:25.339,1:25.334,85.883,85.339,8
5779,896,4,6,3,8,1:25.934,1:24.885,1:25.826,85.934,84.885,10
5780,896,815,1,6,9,1:26.107,1:25.365,1:26.153,86.107,85.365,13
5781,896,18,1,5,10,1:25.574,1:25.458,1:26.487,85.574,85.458,1
5782,896,817,5,19,11,1:25.673,1:25.519,\N,85.673,85.519,3
5783,896,814,10,14,12,1:25.908,1:25.711,\N,85.908,85.711,9
5784,896,16,10,15,13,1:26.164,1:25.740,\N,86.164,85.74,15
5785,896,818,5,18,14,1:26.155,1:25.798,\N,86.155,85.798,14
5786,896,822,3,17,15,1:26.178,1:26.134,\N,86.178,86.134,16
5787,896,821,15,12,16,1:26.057,1:26.366,\N,86.057,86.366,12
5788,896,154,208,8,17,1:26.577,\N,\N,86.577,NA,17
5789,896,813,3,16,18,1:26.842,\N,\N,86.842,NA,18
5790,896,824,206,22,19,1:26.970,\N,\N,86.97,NA,19
5791,896,823,207,21,20,1:27.105,\N,\N,87.105,NA,20
5792,896,819,207,20,21,1:27.487,\N,\N,87.487,NA,21
5793,896,820,206,23,22,1:28.138,\N,\N,88.138,NA,22
5794,897,17,9,2,1,1:41.568,1:40.575,1:39.957,101.568,100.575,8
5795,897,20,9,1,2,1:41.683,1:40.781,1:40.075,101.68299999999999,100.781,11
5796,897,3,131,9,3,1:41.420,1:40.473,1:40.419,101.42,100.473,6
5797,897,1,131,10,4,1:40.693,1:40.477,1:40.501,100.693,100.477,1
5798,897,8,208,7,5,1:41.276,1:40.971,1:40.542,101.27600000000001,100.971,3
5799,897,807,15,11,6,1:41.631,1:40.931,1:40.576,101.631,100.931,9
5800,897,154,208,8,7,1:41.447,1:40.948,1:40.997,101.447,100.94800000000001,7
5801,897,13,6,4,8,1:41.254,1:40.989,1:41.015,101.25399999999999,100.989,2
5802,897,815,1,6,9,1:41.687,1:40.812,1:41.068,101.687,100.812,12
5803,897,817,5,19,10,1:41.884,1:40.852,1:41.111,101.884,100.852,16
5804,897,4,6,3,11,1:41.397,1:41.093,\N,101.39699999999999,101.093,5
5805,897,814,10,14,12,1:41.676,1:41.133,\N,101.676,101.13300000000001,10
5806,897,18,1,5,13,1:41.817,1:41.200,\N,101.81700000000001,101.2,14
5807,897,818,5,18,14,1:41.692,1:41.279,\N,101.69200000000001,101.279,13
5808,897,813,3,16,15,1:41.365,1:41.395,\N,101.36500000000001,101.39500000000001,4
5809,897,822,3,17,16,1:41.862,1:41.447,\N,101.862,101.447,15
5810,897,821,15,12,17,1:41.999,\N,\N,101.999,NA,17
5811,897,16,10,15,18,1:42.051,\N,\N,102.051,NA,18
5812,897,823,207,21,19,1:43.252,\N,\N,103.25200000000001,NA,19
5813,897,824,206,22,20,1:43.398,\N,\N,103.398,NA,20
5814,897,819,207,20,21,1:43.528,\N,\N,103.52799999999999,NA,21
5815,897,820,206,23,22,1:44.198,\N,\N,104.19800000000001,NA,22
5816,898,20,9,1,1,1:38.516,1:37.065,1:36.338,98.51599999999999,97.065,8
5817,898,17,9,2,2,1:38.161,1:37.312,1:36.441,98.161,97.312,4
5818,898,154,208,8,3,1:38.676,1:37.523,1:37.155,98.676,97.523,10
5819,898,807,15,11,4,1:38.339,1:37.828,1:37.296,98.339,97.828,5
5820,898,1,131,10,5,1:37.959,1:37.854,1:37.345,97.959,97.854,2
5821,898,4,6,3,6,1:38.929,1:37.368,1:37.376,98.929,97.368,15
5822,898,815,1,6,7,1:38.367,1:38.040,1:37.452,98.36699999999999,98.03999999999999,6
5823,898,5,208,7,8,1:38.375,1:38.078,1:37.715,98.375,98.078,7
5824,898,822,3,17,9,1:37.821,1:37.439,1:37.836,97.821,97.439,1
5825,898,821,15,12,10,1:38.082,1:38.031,1:38.034,98.082,98.031,3
5826,898,817,5,19,11,1:38.882,1:38.131,\N,98.882,98.131,13
5827,898,814,10,14,12,1:38.894,1:38.139,\N,98.894,98.13900000000001,14
5828,898,18,1,5,13,1:38.588,1:38.217,\N,98.588,98.217,9
5829,898,3,131,9,14,1:38.743,1:38.364,\N,98.743,98.364,11
5830,898,13,6,4,15,1:39.094,1:38.592,\N,99.094,98.592,16
5831,898,818,5,18,16,1:38.880,1:38.696,\N,98.88,98.696,12
5832,898,16,10,15,17,1:39.250,\N,\N,99.25,NA,17
5833,898,813,3,16,18,1:39.351,\N,\N,99.351,NA,18
5834,898,823,207,21,19,1:40.491,\N,\N,100.491,NA,19
5835,898,824,206,22,20,1:40.528,\N,\N,100.52799999999999,NA,20
5836,898,819,207,20,21,1:40.596,\N,\N,100.596,NA,21
5837,898,820,206,23,22,1:41.401,\N,\N,101.40100000000001,NA,22
5838,899,20,9,1,1,1:25.381,1:26.420,1:26.479,85.381,86.42,2
5839,899,3,131,9,2,1:25.556,1:26.626,1:27.102,85.556,86.626,3
5840,899,4,6,3,3,1:26.656,1:26.590,1:27.539,86.656,86.59,9
5841,899,17,9,2,4,1:26.689,1:26.963,1:27.572,86.689,86.963,10
5842,899,1,131,10,5,1:25.342,1:26.698,1:27.677,85.342,86.69800000000001,1
5843,899,154,208,8,6,1:26.453,1:26.161,1:27.737,86.453,86.161,8
5844,899,817,5,19,7,1:27.209,1:27.078,1:28.052,87.209,87.078,16
5845,899,818,5,18,8,1:27.124,1:27.363,1:28.081,87.124,87.363,15
5846,899,13,6,4,9,1:26.817,1:27.049,1:28.109,86.81700000000001,87.049,13
5847,899,807,15,11,10,1:26.071,1:27.441,1:29.582,86.071,87.441,4
5848,899,5,208,7,11,1:26.266,1:27.456,\N,86.26599999999999,87.456,5
5849,899,814,10,14,12,1:26.275,1:27.798,\N,86.275,87.798,6
5850,899,822,3,17,13,1:26.790,1:27.954,\N,86.78999999999999,87.95400000000001,12
5851,899,815,1,6,14,1:26.741,1:28.269,\N,86.741,88.269,11
5852,899,18,1,5,15,1:26.398,1:28.308,\N,86.398,88.30799999999999,7
5853,899,16,10,15,16,1:26.874,1:28.586,\N,86.874,88.586,14
5854,899,813,3,16,17,1:27.367,\N,\N,87.367,NA,17
5855,899,821,15,12,18,1:27.455,\N,\N,87.455,NA,18
5856,899,819,207,20,19,1:27.843,\N,\N,87.843,NA,19
5857,899,823,207,21,20,1:28.320,\N,\N,88.32,NA,20
5858,899,824,206,22,21,1:28.366,\N,\N,88.366,NA,21
5859,899,820,206,23,22,1:28.950,\N,\N,88.95,NA,22
5860,900,1,131,44,1,1:31.699,1:42.890,1:44.231,91.699,102.89,7
5861,900,817,9,3,2,1:30.775,1:42.295,1:44.548,90.775,102.295,1
5862,900,3,131,6,3,1:32.564,1:42.264,1:44.595,92.564,102.26400000000001,10
5863,900,825,1,20,4,1:30.949,1:43.247,1:45.745,90.949,103.247,2
5864,900,4,6,14,5,1:31.388,1:42.805,1:45.819,91.388,102.805,4
5865,900,818,5,25,6,1:33.488,1:43.849,1:45.864,93.488,103.84899999999999,11
5866,900,807,10,27,7,1:33.893,1:43.658,1:46.030,93.893,103.658,14
5867,900,826,5,26,8,1:33.777,1:44.331,1:47.368,93.777,104.331,13
5868,900,13,3,19,9,1:31.228,1:44.242,1:48.079,91.22800000000001,104.24199999999999,3
5869,900,822,3,77,10,1:31.601,1:43.852,1:48.147,91.601,103.852,6
5870,900,18,1,22,11,1:31.396,1:44.437,\N,91.396,104.437,5
5871,900,8,6,7,12,1:32.439,1:44.494,\N,92.439,104.494,9
5872,900,20,9,1,13,1:31.931,1:44.688,\N,91.931,104.688,8
5873,900,16,15,99,14,1:33.673,1:45.655,\N,93.673,105.655,12
5874,900,155,207,10,15,1:34.274,1:45.867,\N,94.274,105.86699999999999,16
5875,900,815,10,11,16,1:34.141,1:47.293,\N,94.14099999999999,107.293,15
5876,900,820,206,4,17,1:34.293,\N,\N,94.293,NA,17
5877,900,824,206,17,18,1:34.794,\N,\N,94.794,NA,18
5878,900,821,15,21,19,1:35.117,\N,\N,95.11699999999999,NA,19
5879,900,828,207,9,20,1:35.157,\N,\N,95.157,NA,20
5880,900,154,208,8,21,1:36.993,\N,\N,96.993,NA,21
5882,901,1,131,44,1,1:57.202,1:59.041,1:59.431,117.202,119.041,2
5883,901,20,9,1,2,1:57.654,1:59.399,1:59.486,117.654,119.399,3
5884,901,3,131,6,3,1:57.183,1:59.445,2:00.050,117.18299999999999,119.445,1
5885,901,4,6,14,4,1:58.889,2:01.356,2:00.175,118.88900000000001,121.356,5
5886,901,817,9,3,5,1:58.913,2:00.147,2:00.541,118.913,120.147,6
5887,901,8,6,7,6,1:59.257,2:01.532,2:01.218,119.257,121.532,7
5888,901,807,10,27,7,1:58.883,2:00.839,2:01.712,118.88300000000001,120.839,4
5889,901,825,1,20,8,2:00.356,2:02.094,2:02.213,120.356,122.094,12
5890,901,818,5,25,9,2:01.689,2:02.096,2:03.078,121.689,122.096,16
5891,901,18,1,22,10,2:00.889,2:01.810,2:04.053,120.889,121.81,13
5892,901,826,5,26,11,2:01.175,2:02.351,\N,121.175,122.351,15
5893,901,821,15,21,12,2:01.134,2:02.369,\N,121.134,122.369,14
5894,901,13,3,19,13,2:00.047,2:02.460,\N,120.047,122.46,9
5895,901,815,10,11,14,2:00.076,2:02.511,\N,120.076,122.511,10
5896,901,822,3,77,15,1:59.709,2:02.756,\N,119.709,122.756,8
5897,901,154,208,8,16,2:00.202,2:02.885,\N,120.202,122.885,11
5898,901,813,208,13,17,2:02.074,\N,\N,122.074,NA,17
5899,901,16,15,99,18,2:02.131,\N,\N,122.131,NA,18
5900,901,824,206,17,19,2:02.702,\N,\N,122.702,NA,19
5901,901,155,207,10,20,2:03.595,\N,\N,123.595,NA,20
5902,901,820,206,4,21,2:04.388,\N,\N,124.388,NA,21
5903,901,828,207,9,22,2:04.407,\N,\N,124.407,NA,22
5904,902,3,131,6,1,1:35.439,1:33.708,1:33.185,95.439,93.708,10
5905,902,1,131,44,2,1:35.323,1:33.872,1:33.464,95.32300000000001,93.872,8
5906,902,817,9,3,3,1:36.220,1:34.592,1:34.051,96.22,94.592,14
5907,902,822,3,77,4,1:34.934,1:34.842,1:34.247,94.934,94.842,2
5908,902,815,10,11,5,1:34.998,1:34.747,1:34.346,94.99799999999999,94.747,3
5909,902,8,6,7,6,1:35.234,1:34.925,1:34.368,95.23400000000001,94.925,5
5910,902,18,1,22,7,1:35.699,1:34.714,1:34.387,95.699,94.714,12
5911,902,13,3,19,8,1:35.085,1:34.842,1:34.511,95.08500000000001,94.842,4
5912,902,825,1,20,9,1:35.288,1:34.904,1:34.712,95.288,94.904,7
5913,902,4,6,14,10,1:35.251,1:34.723,1:34.992,95.251,94.723,6
5914,902,20,9,1,11,1:35.549,1:34.985,\N,95.549,94.985,11
5915,902,807,10,27,12,1:34.874,1:35.116,\N,94.874,95.116,1
5916,902,826,5,26,13,1:35.395,1:35.145,\N,95.39500000000001,95.14500000000001,9
5917,902,818,5,25,14,1:35.815,1:35.286,\N,95.815,95.286,13
5918,902,821,15,21,15,1:36.567,1:35.891,\N,96.56700000000001,95.89099999999999,15
5919,902,154,208,8,16,1:36.654,1:35.908,\N,96.654,95.908,16
5920,902,813,208,13,17,1:36.663,\N,\N,96.663,NA,17
5921,902,16,15,99,18,1:36.840,\N,\N,96.84,NA,18
5922,902,155,207,10,19,1:37.085,\N,\N,97.08500000000001,NA,19
5923,902,824,206,17,20,1:37.310,\N,\N,97.31,NA,20
5924,902,828,207,9,21,1:37.875,\N,\N,97.875,NA,21
5925,902,820,206,4,22,1:37.913,\N,\N,97.913,NA,22
5926,853,20,9,1,1,1:24.002,1:22.914,1:22.275,84.002,82.914,2
5927,853,1,1,3,2,1:23.976,1:23.172,1:22.725,83.976,83.172,1
5928,853,18,1,4,3,1:24.013,1:23.031,1:22.777,84.013,83.031,3
5929,853,4,6,5,4,1:24.134,1:23.342,1:22.841,84.134,83.342,4
5930,853,17,9,2,5,1:24.148,1:23.387,1:22.972,84.148,83.387,5
5931,853,13,6,6,6,1:24.523,1:23.681,1:23.188,84.523,83.681,7
5932,853,808,4,10,7,1:24.486,1:23.741,1:23.530,84.486,83.741,6
5933,853,30,131,7,8,1:25.108,1:23.671,1:23.777,85.108,83.67099999999999,15
5934,853,3,131,8,9,1:24.550,1:23.335,1:24.477,84.55,83.33500000000001,8
5935,853,811,4,9,10,1:24.914,1:24.157,\N,84.914,84.157,13
5936,853,814,10,15,11,1:24.574,1:24.163,\N,84.574,84.163,9
5937,853,16,10,14,12,1:24.595,1:24.209,\N,84.595,84.209,10
5938,853,22,3,11,13,1:24.975,1:24.648,\N,84.975,84.648,14
5939,853,813,3,12,14,1:24.798,1:24.726,\N,84.798,84.726,11
5940,853,815,15,17,15,1:25.113,1:24.845,\N,85.113,84.845,16
5941,853,67,5,18,16,1:25.164,1:24.932,\N,85.164,84.932,17
5942,853,155,15,16,17,1:24.879,1:25.065,\N,84.879,85.065,12
5943,853,153,5,19,18,1:25.334,\N,\N,85.334,NA,18
5944,853,15,205,21,19,1:26.647,\N,\N,86.64699999999999,NA,19
5945,853,5,205,20,20,1:27.184,\N,\N,87.184,NA,20
5946,853,10,166,24,21,1:27.591,\N,\N,87.59100000000001,NA,21
5947,853,816,166,25,22,1:27.609,\N,\N,87.60900000000001,NA,22
5948,853,817,164,22,23,1:28.054,\N,\N,88.054,NA,23
5949,853,24,164,23,24,1:28.231,\N,\N,88.231,NA,24
5950,903,1,131,44,1,1:55.516,1:54.029,1:53.860,115.51599999999999,114.029,1
5951,903,817,9,3,2,1:56.641,1:55.302,1:54.455,116.64099999999999,115.30199999999999,6
5952,903,20,9,1,3,1:55.926,1:54.499,1:54.960,115.926,114.499,3
5953,903,3,131,6,4,1:56.058,1:55.294,1:55.143,116.05799999999999,115.294,4
5954,903,4,6,14,5,1:56.961,1:55.765,1:55.637,116.961,115.765,8
5955,903,13,3,19,6,1:56.850,1:56.757,1:56.147,116.85,116.757,7
5956,903,822,3,77,7,1:56.501,1:56.253,1:56.282,116.501,116.253,5
5957,903,807,10,27,8,1:55.913,1:56.847,1:56.366,115.913,116.84700000000001,2
5958,903,818,5,25,9,1:57.477,1:56.584,1:56.773,117.477,116.584,11
5959,903,154,208,8,10,1:58.411,1:56.407,1:57.079,118.411,116.407,16
5960,903,8,6,7,11,1:58.279,1:56.860,\N,118.279,116.86,14
5961,903,18,1,22,12,1:57.783,1:56.963,\N,117.783,116.963,12
5962,903,826,5,26,13,1:57.261,1:57.289,\N,117.261,117.289,9
5963,903,16,15,99,14,1:58.138,1:57.393,\N,118.138,117.393,13
5964,903,825,1,20,15,1:57.369,1:57.675,\N,117.369,117.675,10
5965,903,815,10,11,16,1:58.362,1:58.264,\N,118.362,118.26400000000001,15
5966,903,821,15,21,17,1:58.988,\N,\N,118.988,NA,17
5967,903,155,207,10,18,1:59.260,\N,\N,119.25999999999999,NA,18
5968,903,824,206,17,19,1:59.326,\N,\N,119.326,NA,19
5969,903,828,207,9,20,2:00.646,\N,\N,120.646,NA,20
5970,903,820,206,4,21,2:00.865,\N,\N,120.865,NA,21
5972,904,1,131,44,1,1:27.238,1:26.210,1:25.232,87.238,86.21000000000001,2
5973,904,3,131,6,2,1:26.764,1:26.088,1:25.400,86.764,86.088,1
5974,904,817,9,3,3,1:28.053,1:26.613,1:26.285,88.053,86.613,4
5975,904,822,3,77,4,1:28.198,1:27.563,1:26.632,88.19800000000001,87.563,9
5976,904,154,208,8,5,1:28.472,1:27.258,1:26.960,88.47200000000001,87.258,16
5977,904,8,6,7,6,1:28.308,1:27.335,1:27.104,88.30799999999999,87.33500000000001,11
5978,904,4,6,14,7,1:28.329,1:27.602,1:27.140,88.32900000000001,87.602,12
5979,904,18,1,22,8,1:28.279,1:27.570,1:27.335,88.279,87.57,10
5980,904,13,3,19,9,1:28.061,1:27.016,1:27.402,88.061,87.01599999999999,5
5981,904,20,9,1,10,1:27.958,1:27.052,\N,87.958,87.05199999999999,3
5982,904,807,10,27,11,1:28.155,1:27.685,\N,88.155,87.685,7
5983,904,815,10,11,12,1:28.469,1:28.002,\N,88.469,88.002,15
5984,904,826,5,26,13,1:28.074,1:28.039,\N,88.074,88.039,6
5985,904,821,15,21,14,1:28.374,1:28.280,\N,88.374,88.28,13
5986,904,825,1,20,15,1:28.389,\N,\N,88.389,NA,14
5987,904,818,5,25,16,1:28.194,\N,\N,88.194,NA,8
5988,904,16,15,99,17,1:28.563,\N,\N,88.563,NA,17
5989,904,820,206,4,18,1:29.586,\N,\N,89.586,NA,18
5990,904,824,206,17,19,1:30.177,\N,\N,90.17699999999999,NA,19
5991,904,828,207,9,20,1:30.312,\N,\N,90.312,NA,20
5992,904,155,207,10,21,1:30.375,\N,\N,90.375,NA,21
5994,905,3,131,6,1,1:17.678,1:16.465,1:15.989,77.678,76.465,2
5995,905,1,131,44,2,1:17.823,1:16.354,1:16.048,77.82300000000001,76.354,3
5996,905,817,9,3,3,1:17.900,1:17.233,1:16.384,77.9,77.233,6
5997,905,20,9,1,4,1:18.383,1:17.074,1:16.547,78.383,77.074,12
5998,905,4,6,14,5,1:17.853,1:17.200,1:16.686,77.85300000000001,77.2,4
5999,905,8,6,7,6,1:17.902,1:17.398,1:17.389,77.902,77.398,7
6000,905,818,5,25,7,1:17.557,1:17.657,1:17.540,77.557,77.657,1
6001,905,825,1,20,8,1:17.978,1:17.609,1:17.555,77.97800000000001,77.60900000000001,8
6002,905,826,5,26,9,1:18.616,1:17.594,1:18.090,78.616,77.594,16
6003,905,815,10,11,10,1:18.108,1:17.755,1:18.327,78.108,77.755,9
6004,905,807,10,27,11,1:18.432,1:17.846,\N,78.432,77.846,14
6005,905,18,1,22,12,1:17.890,1:17.988,\N,77.89,77.988,5
6006,905,822,3,77,13,1:18.407,1:18.082,\N,78.407,78.082,13
6007,905,154,208,8,14,1:18.335,1:18.196,\N,78.33500000000001,78.196,11
6008,905,813,208,13,15,1:18.585,1:18.356,\N,78.58500000000001,78.356,15
6009,905,13,3,19,16,1:18.209,\N,\N,78.209,NA,10
6010,905,821,15,21,17,1:18.741,\N,\N,78.741,NA,17
6011,905,16,15,99,18,1:18.745,\N,\N,78.745,NA,18
6012,905,824,206,17,19,1:19.332,\N,\N,79.332,NA,19
6013,905,820,206,4,20,1:19.928,\N,\N,79.928,NA,20
6014,905,155,207,10,21,1:20.133,\N,\N,80.133,NA,21
6015,905,828,207,9,22,1:21.732,\N,\N,81.732,NA,22
6016,906,3,131,6,1,1:16.471,1:15.289,1:14.874,76.471,75.289,3
6017,906,1,131,44,2,1:15.750,1:15.054,1:14.953,75.75,75.054,1
6018,906,20,9,1,3,1:17.470,1:16.109,1:15.548,77.47,76.10900000000001,13
6019,906,822,3,77,4,1:16.772,1:15.806,1:15.550,76.77199999999999,75.806,6
6020,906,13,3,19,5,1:16.666,1:15.773,1:15.578,76.666,75.773,5
6021,906,817,9,3,6,1:17.113,1:15.897,1:15.589,77.113,75.897,11
6022,906,4,6,14,7,1:17.010,1:16.131,1:15.814,77.01,76.131,9
6023,906,818,5,25,8,1:17.178,1:16.255,1:16.162,77.178,76.255,12
6024,906,18,1,22,9,1:16.631,1:16.214,1:16.182,76.631,76.214,4
6025,906,8,6,7,10,1:17.013,1:16.245,1:16.214,77.013,76.245,10
6026,906,807,10,27,11,1:16.897,1:16.300,\N,76.89699999999999,76.3,7
6027,906,825,1,20,12,1:16.446,1:16.310,\N,76.446,76.31,2
6028,906,815,10,11,13,1:18.235,1:16.472,\N,78.235,76.47200000000001,16
6029,906,154,208,8,14,1:17.732,1:16.687,\N,77.732,76.687,15
6030,906,826,5,26,15,1:16.938,1:16.713,\N,76.938,76.713,8
6031,906,16,15,99,16,1:17.519,1:17.314,\N,77.519,77.314,14
6032,906,813,208,13,17,1:18.328,\N,\N,78.328,NA,17
6033,906,820,206,4,18,1:18.348,\N,\N,78.348,NA,18
6034,906,824,206,17,19,1:18.359,\N,\N,78.35900000000001,NA,19
6035,906,155,207,10,20,1:19.278,\N,\N,79.27799999999999,NA,20
6036,906,828,207,9,21,1:19.820,\N,\N,79.82,NA,21
6038,907,13,3,19,1,1:10.292,1:09.239,1:08.759,70.292,69.239,9
6039,907,822,3,77,2,1:10.356,1:09.096,1:08.846,70.356,69.096,10
6040,907,3,131,6,3,1:09.695,1:08.974,1:08.944,69.695,68.974,3
6041,907,4,6,14,4,1:10.405,1:09.479,1:09.285,70.405,69.479,13
6042,907,817,9,3,5,1:10.395,1:09.638,1:09.466,70.395,69.638,12
6043,907,825,1,20,6,1:10.081,1:09.473,1:09.515,70.081,69.473,4
6044,907,826,5,26,7,1:09.678,1:09.490,1:09.619,69.678,69.49,2
6045,907,8,6,7,8,1:10.285,1:09.657,1:10.795,70.285,69.657,8
6046,907,1,131,44,9,1:09.514,1:09.092,\N,69.514,69.092,1
6047,907,807,10,27,10,1:10.389,1:09.624,\N,70.389,69.624,11
6048,907,815,10,11,11,1:10.124,1:09.754,\N,70.124,69.754,5
6049,907,18,1,22,12,1:10.252,1:09.780,\N,70.252,69.78,7
6050,907,20,9,1,13,1:10.630,1:09.801,\N,70.63,69.801,15
6051,907,813,208,13,14,1:10.821,1:09.939,\N,70.821,69.939,16
6052,907,818,5,25,15,1:10.161,1:10.073,\N,70.161,70.07300000000001,6
6053,907,154,208,8,16,1:10.461,1:10.642,\N,70.461,70.642,14
6054,907,16,15,99,17,1:10.825,\N,\N,70.825,NA,17
6055,907,821,15,21,18,1:11.349,\N,\N,71.349,NA,18
6056,907,824,206,17,19,1:11.412,\N,\N,71.412,NA,19
6057,907,155,207,10,20,1:11.673,\N,\N,71.673,NA,20
6058,907,820,206,4,21,1:11.775,\N,\N,71.775,NA,21
6059,907,828,207,9,22,1:12.673,\N,\N,72.673,NA,22
6060,908,3,131,6,1,1:40.380,1:35.179,1:35.766,100.38,95.179,1
6061,908,20,9,1,2,1:45.086,1:36.410,1:37.386,105.086,96.41,16
6062,908,18,1,22,3,1:44.425,1:36.579,1:38.200,104.425,96.57900000000001,14
6063,908,807,10,27,4,1:41.271,1:37.112,1:38.329,101.271,97.112,5
6064,908,825,1,20,5,1:42.507,1:37.370,1:38.417,102.507,97.37,8
6065,908,1,131,44,6,1:41.058,1:34.870,1:39.232,101.05799999999999,94.87,3
6066,908,815,10,11,7,1:42.146,1:37.350,1:40.457,102.146,97.35,7
6067,908,817,9,3,8,1:44.710,1:38.166,1:40.606,104.71000000000001,98.166,15
6068,908,826,5,26,9,1:41.032,1:36.813,1:40.707,101.032,96.813,2
6069,908,818,5,25,10,1:43.040,1:37.800,1:40.855,103.03999999999999,97.8,10
6070,908,154,208,8,11,1:43.121,1:38.496,\N,103.12100000000001,98.49600000000001,11
6071,908,824,206,17,12,1:41.169,1:38.709,\N,101.169,98.709,4
6072,908,820,206,4,13,1:42.082,1:39.800,\N,102.082,99.8,6
6073,908,821,15,21,14,1:43.285,1:40.912,\N,103.285,100.912,12
6074,908,813,208,13,15,1:43.892,1:44.018,\N,103.892,104.018,13
6075,908,16,15,99,16,1:42.603,\N,\N,102.60300000000001,NA,9
6076,908,822,3,77,17,1:45.318,\N,\N,105.318,NA,17
6077,908,13,3,19,18,1:45.695,\N,\N,105.695,NA,18
6078,908,4,6,14,19,1:45.935,\N,\N,105.935,NA,19
6079,908,8,6,7,20,1:46.684,\N,\N,106.684,NA,20
6080,908,828,207,9,21,1:49.421,\N,\N,109.42099999999999,NA,21
6081,908,155,207,10,22,1:49.625,\N,\N,109.625,NA,22
6082,909,3,131,6,1,1:17.631,1:17.109,1:16.540,77.631,77.10900000000001,1
6083,909,822,3,77,2,1:18.215,1:17.353,1:16.759,78.215,77.35300000000001,4
6084,909,13,3,19,3,1:18.381,1:17.370,1:17.078,78.381,77.37,6
6085,909,825,1,20,4,1:18.260,1:17.788,1:17.214,78.26,77.788,5
6086,909,817,9,3,5,1:18.117,1:17.855,1:17.273,78.117,77.855,2
6087,909,20,9,1,6,1:18.194,1:17.646,1:17.577,78.194,77.646,3
6088,909,4,6,14,7,1:18.389,1:17.866,1:17.649,78.389,77.866,7
6089,909,826,5,26,8,1:18.530,1:18.103,1:17.965,78.53,78.10300000000001,10
6090,909,807,10,27,9,1:18.927,1:18.017,1:18.014,78.92699999999999,78.017,16
6091,909,815,10,11,10,1:18.916,1:18.161,1:18.035,78.916,78.161,15
6092,909,18,1,22,11,1:18.425,1:18.193,\N,78.425,78.193,8
6093,909,8,6,7,12,1:18.534,1:18.273,\N,78.53399999999999,78.273,11
6094,909,818,5,25,13,1:18.496,1:18.285,\N,78.496,78.285,9
6095,909,821,15,21,14,1:18.739,1:18.787,\N,78.739,78.787,13
6096,909,154,208,8,15,1:18.894,1:18.983,\N,78.894,78.983,14
6097,909,1,131,44,16,1:18.683,\N,\N,78.68299999999999,NA,12
6098,909,16,15,99,17,1:19.142,\N,\N,79.142,NA,17
6099,909,824,206,17,18,1:19.676,\N,\N,79.676,NA,18
6100,909,813,208,13,19,1:20.195,\N,\N,80.195,NA,19
6101,909,155,207,10,20,1:20.408,\N,\N,80.408,NA,20
6102,909,820,206,4,21,1:20.489,\N,\N,80.489,NA,21
6104,910,3,131,6,1,1:25.227,1:23.310,1:22.715,85.227,83.31,2
6105,910,20,9,1,2,1:25.662,1:23.606,1:23.201,85.662,83.606,5
6106,910,822,3,77,3,1:25.690,1:23.776,1:23.354,85.69,83.776,6
6107,910,817,9,3,4,1:25.495,1:23.676,1:23.391,85.495,83.676,4
6108,910,4,6,14,5,1:26.087,1:24.249,1:23.909,86.087,84.249,10
6109,910,13,3,19,6,1:26.592,1:24.030,1:24.223,86.592,84.03,14
6110,910,18,1,22,7,1:26.612,1:24.502,1:24.294,86.612,84.502,15
6111,910,818,5,25,8,1:24.941,1:24.637,1:24.720,84.941,84.637,1
6112,910,807,10,27,9,1:26.149,1:24.647,1:24.775,86.149,84.64699999999999,12
6113,910,825,1,20,10,1:26.578,1:24.585,\N,86.578,84.58500000000001,13
6114,910,826,5,26,11,1:25.361,1:24.706,\N,85.361,84.706,3
6115,910,16,15,99,12,1:26.027,1:25.136,\N,86.027,85.136,9
6116,910,815,10,11,13,1:25.910,1:25.211,\N,85.91,85.211,8
6117,910,821,15,21,14,1:25.709,1:25.260,\N,85.709,85.26,7
6118,910,154,208,8,15,1:26.136,1:25.337,\N,86.136,85.337,11
6119,910,824,206,17,16,1:26.728,1:27.419,\N,86.72800000000001,87.419,16
6120,910,8,6,7,17,1:26.792,\N,\N,86.792,NA,17
6121,910,155,207,10,18,1:27.139,\N,\N,87.139,NA,18
6122,910,820,206,4,19,1:27.819,\N,\N,87.819,NA,19
6123,910,828,207,9,20,1:28.643,\N,\N,88.643,NA,20
6126,911,3,131,6,1,2:07.130,2:06.723,2:05.591,127.13,126.723,1
6127,911,1,131,44,2,2:07.280,2:06.609,2:05.819,127.28,126.609,2
6128,911,20,9,1,3,2:10.105,2:08.868,2:07.717,130.105,128.868,8
6129,911,4,6,14,4,2:10.197,2:08.450,2:07.786,130.197,128.45,9
6130,911,817,9,3,5,2:10.089,2:08.989,2:07.911,130.089,128.989,7
6131,911,822,3,77,6,2:09.250,2:08.451,2:08.049,129.25,128.451,4
6132,911,825,1,20,7,2:11.081,2:08.901,2:08.679,131.081,128.901,16
6133,911,8,6,7,8,2:09.885,2:08.646,2:08.780,129.885,128.64600000000002,6
6134,911,13,3,19,9,2:08.403,2:08.833,2:09.178,128.403,128.833,3
6135,911,18,1,22,10,2:10.529,2:09.272,2:09.776,130.529,129.272,11
6136,911,826,5,26,11,2:10.445,2:09.377,\N,130.445,129.377,10
6137,911,818,5,25,12,2:09.811,2:09.805,\N,129.811,129.805,5
6138,911,815,10,11,13,2:10.666,2:10.084,\N,130.666,130.084,12
6139,911,16,15,99,14,2:11.051,2:10.238,\N,131.051,130.238,14
6140,911,154,208,8,15,2:10.898,2:11.087,\N,130.898,131.087,13
6141,911,824,206,17,16,2:11.051,2:12.470,\N,131.051,132.47,14
6142,911,813,208,13,17,2:11.261,\N,\N,131.261,NA,17
6143,911,807,10,27,18,2:11.267,\N,\N,131.267,NA,18
6144,911,820,206,4,19,2:12.566,\N,\N,132.566,NA,19
6145,911,821,15,21,20,2:13.414,\N,\N,133.414,NA,20
6146,911,827,207,45,21,2:13.469,\N,\N,133.469,NA,21
6147,911,828,207,9,22,2:14.438,\N,\N,134.438,NA,22
6148,912,1,131,44,1,1:25.363,1:24.560,1:24.109,85.363,84.56,1
6149,912,3,131,6,2,1:25.493,1:24.600,1:24.383,85.493,84.6,2
6150,912,822,3,77,3,1:26.012,1:24.858,1:24.697,86.012,84.858,4
6151,912,13,3,19,4,1:25.528,1:25.046,1:24.865,85.52799999999999,85.04599999999999,3
6152,912,825,1,20,5,1:26.337,1:25.973,1:25.314,86.337,85.973,8
6153,912,18,1,22,6,1:26.328,1:25.630,1:25.379,86.328,85.63,7
6154,912,4,6,14,7,1:26.514,1:25.525,1:25.430,86.514,85.525,10
6155,912,20,9,1,8,1:26.631,1:25.769,1:25.436,86.631,85.769,12
6156,912,817,9,3,9,1:26.721,1:25.946,1:25.709,86.721,85.946,14
6157,912,815,10,11,10,1:26.569,1:25.863,1:25.944,86.569,85.863,11
6158,912,826,5,26,11,1:26.261,1:26.070,\N,86.261,86.07,6
6159,912,8,6,7,12,1:26.689,1:26.110,\N,86.689,86.11,13
6160,912,818,5,25,13,1:26.140,1:26.157,\N,86.14,86.157,5
6161,912,807,10,27,14,1:26.371,1:26.279,\N,86.371,86.279,9
6162,912,16,15,99,15,1:27.034,1:26.588,\N,87.03399999999999,86.588,16
6163,912,821,15,21,16,1:26.999,1:26.692,\N,86.999,86.69200000000001,15
6164,912,813,208,13,17,1:27.520,\N,\N,87.52,NA,17
6165,912,154,208,8,18,1:27.632,\N,\N,87.632,NA,18
6166,912,155,207,10,19,1:27.671,\N,\N,87.67099999999999,NA,19
6167,912,824,206,17,20,1:27.738,\N,\N,87.738,NA,20
6168,912,820,206,4,21,1:28.247,\N,\N,88.247,NA,21
6169,912,828,207,9,22,1:28.562,\N,\N,88.562,NA,22
6170,913,1,131,44,1,1:46.921,1:46.287,1:45.681,106.92099999999999,106.287,3
6171,913,3,131,6,2,1:47.244,1:45.825,1:45.688,107.244,105.825,6
6172,913,817,9,3,3,1:47.488,1:46.493,1:45.854,107.488,106.493,10
6173,913,20,9,1,4,1:47.476,1:46.586,1:45.902,107.476,106.586,9
6174,913,4,6,14,5,1:46.889,1:46.328,1:45.907,106.88900000000001,106.328,2
6175,913,13,3,19,6,1:47.615,1:46.472,1:46.000,107.61500000000001,106.47200000000001,11
6176,913,8,6,7,7,1:46.685,1:46.359,1:46.170,106.685,106.35900000000001,1
6177,913,822,3,77,8,1:47.196,1:46.622,1:46.187,107.196,106.622,5
6178,913,825,1,20,9,1:47.976,1:46.700,1:46.250,107.976,106.7,15
6179,913,826,5,26,10,1:47.656,1:46.926,1:47.362,107.656,106.926,12
6180,913,18,1,22,11,1:47.161,1:46.943,\N,107.161,106.943,4
6181,913,818,5,25,12,1:47.407,1:46.989,\N,107.407,106.989,8
6182,913,807,10,27,13,1:47.370,1:47.308,\N,107.37,107.30799999999999,7
6183,913,821,15,21,14,1:47.970,1:47.333,\N,107.97,107.333,14
6184,913,815,10,11,15,1:48.143,1:47.575,\N,108.143,107.575,16
6185,913,154,208,8,16,1:47.862,1:47.812,\N,107.862,107.812,13
6186,913,16,15,99,17,1:48.324,\N,\N,108.324,NA,17
6187,913,813,208,13,18,1:49.063,\N,\N,109.063,NA,18
6188,913,824,206,17,19,1:49.440,\N,\N,109.44,NA,19
6189,913,155,207,10,20,1:50.405,\N,\N,110.405,NA,20
6190,913,820,206,4,21,1:50.473,\N,\N,110.473,NA,21
6191,913,828,207,9,22,1:52.287,\N,\N,112.287,NA,22
6192,914,3,131,6,1,1:33.671,1:32.950,1:32.506,93.67099999999999,92.95,2
6193,914,1,131,44,2,1:33.611,1:32.982,1:32.703,93.61099999999999,92.982,1
6194,914,822,3,77,3,1:34.301,1:33.443,1:33.128,94.301,93.443,3
6195,914,13,3,19,4,1:34.483,1:33.551,1:33.527,94.483,93.551,4
6196,914,4,6,14,5,1:34.497,1:33.675,1:33.740,94.497,93.675,5
6197,914,817,9,3,6,1:35.593,1:34.466,1:34.075,95.593,94.46600000000001,15
6198,914,825,1,20,7,1:34.930,1:34.229,1:34.242,94.93,94.229,6
6199,914,18,1,22,8,1:35.150,1:34.648,1:34.317,95.15,94.648,9
6200,914,20,9,1,9,1:35.517,1:34.784,1:34.432,95.517,94.78399999999999,14
6201,914,8,6,7,10,1:34.984,1:34.771,1:34.548,94.98400000000001,94.771,7
6202,914,818,5,25,11,1:35.155,1:34.984,\N,95.155,94.98400000000001,10
6203,914,815,10,11,12,1:35.439,1:35.089,\N,95.439,95.089,13
6204,914,826,5,26,13,1:35.210,1:35.092,\N,95.21000000000001,95.092,11
6205,914,807,10,27,14,1:35.000,1:35.099,\N,95,95.09899999999999,8
6206,914,16,15,99,15,1:35.736,1:35.364,\N,95.73599999999999,95.364,16
6207,914,821,15,21,16,1:35.308,1:35.681,\N,95.30799999999999,95.681,12
6208,914,813,208,13,17,1:35.917,\N,\N,95.917,NA,17
6209,914,154,208,8,18,1:35.984,\N,\N,95.98400000000001,NA,18
6210,914,828,207,9,19,1:36.813,\N,\N,96.813,NA,19
6211,914,824,206,17,20,1:36.943,\N,\N,96.943,NA,20
6212,914,155,207,10,21,1:37.015,\N,\N,97.015,NA,21
6213,914,820,206,4,22,1:37.481,\N,\N,97.481,NA,22
6214,915,1,131,44,1,1:38.759,1:38.338,1:38.513,98.759,98.338,1
6215,915,3,131,6,2,1:39.076,1:38.606,1:38.713,99.076,98.606,2
6216,915,822,3,77,3,1:39.125,1:38.971,1:38.920,99.125,98.971,3
6217,915,18,1,22,4,1:39.560,1:39.381,1:39.121,99.56,99.381,4
6218,915,826,5,26,5,1:40.074,1:39.296,1:39.277,100.074,99.29599999999999,6
6219,915,825,1,20,6,1:39.735,1:39.022,1:39.629,99.735,99.02199999999999,5
6220,915,817,9,3,7,1:40.519,1:39.666,1:39.635,100.519,99.666,12
6221,915,4,6,14,8,1:40.255,1:39.786,1:39.709,100.255,99.786,8
6222,915,8,6,7,9,1:40.098,1:39.838,1:39.771,100.098,99.838,7
6223,915,818,5,25,10,1:40.354,1:39.929,1:40.020,100.354,99.929,10
6224,915,20,9,1,11,1:40.382,1:40.052,\N,100.382,100.05199999999999,11
6225,915,807,10,27,12,1:40.273,1:40.058,\N,100.273,100.05799999999999,9
6226,915,815,10,11,13,1:40.723,1:40.163,\N,100.723,100.163,13
6227,915,821,15,21,14,1:41.159,1:40.536,\N,101.15899999999999,100.536,15
6228,915,16,15,99,15,1:40.766,1:40.984,\N,100.76599999999999,100.98400000000001,14
6229,915,154,208,8,16,1:42.526,1:41.397,\N,102.52600000000001,101.39699999999999,16
6230,915,828,207,9,17,1:42.648,\N,\N,102.648,NA,17
6231,915,13,3,19,18,1:43.064,\N,\N,103.064,NA,18
6232,915,155,207,10,19,1:43.166,\N,\N,103.166,NA,19
6233,915,813,208,13,20,1:43.205,\N,\N,103.205,NA,20
6234,915,820,206,4,21,1:43.649,\N,\N,103.649,NA,21
6235,916,3,131,6,1,1:38.303,1:36.290,1:36.067,98.303,96.28999999999999,4
6236,916,1,131,44,2,1:37.196,1:37.287,1:36.443,97.196,97.287,1
6237,916,822,3,77,3,1:38.249,1:37.499,1:36.906,98.249,97.499,3
6238,916,13,3,19,4,1:37.877,1:37.347,1:37.205,97.87700000000001,97.34700000000001,2
6239,916,817,9,3,5,1:38.814,1:37.873,1:37.244,98.814,97.87299999999999,10
6240,916,4,6,14,6,1:38.349,1:38.010,1:37.610,98.34899999999999,98.00999999999999,5
6241,916,18,1,22,7,1:38.574,1:38.024,1:37.655,98.574,98.024,7
6242,916,825,1,20,8,1:38.557,1:38.047,1:37.706,98.557,98.047,6
6243,916,8,6,7,9,1:38.669,1:38.263,1:37.804,98.669,98.263,9
6244,916,16,15,99,10,1:38.855,1:38.378,1:38.810,98.85499999999999,98.378,11
6245,916,813,208,13,11,1:38.608,1:38.467,\N,98.608,98.467,8
6246,916,815,10,11,12,1:39.200,1:38.554,\N,99.2,98.554,14
6247,916,807,10,27,13,1:38.931,1:38.598,\N,98.931,98.598,12
6248,916,826,5,26,14,1:38.936,1:38.699,\N,98.936,98.699,13
6249,916,818,5,25,15,1:39.250,\N,\N,99.25,NA,15
6250,916,821,15,21,16,1:39.555,\N,\N,99.555,NA,16
6251,916,20,9,1,17,1:39.621,\N,\N,99.62100000000001,NA,17
6252,916,154,208,8,18,1:39.679,\N,\N,99.679,NA,18
6253,917,3,131,6,1,1:10.347,1:10.303,1:10.023,70.347,70.303,1
6254,917,1,131,44,2,1:10.457,1:10.712,1:10.056,70.457,70.712,2
6255,917,13,3,19,3,1:10.602,1:10.343,1:10.247,70.602,70.343,3
6256,917,822,3,77,4,1:10.832,1:10.421,1:10.305,70.832,70.42099999999999,4
6257,917,18,1,22,5,1:11.097,1:11.127,1:10.930,71.097,71.127,5
6258,917,20,9,1,6,1:11.880,1:11.129,1:10.938,71.88,71.129,13
6259,917,825,1,20,7,1:11.134,1:11.211,1:10.969,71.134,71.211,6
6260,917,4,6,14,8,1:11.558,1:11.215,1:10.977,71.55799999999999,71.215,10
6261,917,817,9,3,9,1:11.593,1:11.208,1:11.075,71.593,71.208,11
6262,917,8,6,7,10,1:11.193,1:11.188,1:11.099,71.193,71.188,7
6263,917,821,15,21,11,1:11.520,1:11.591,\N,71.52,71.591,9
6264,917,807,10,27,12,1:11.848,1:11.976,\N,71.848,71.976,12
6265,917,16,15,99,13,1:11.943,1:12.099,\N,71.943,72.099,14
6266,917,826,5,26,14,1:11.423,\N,\N,71.423,NA,8
6267,917,154,208,8,15,1:12.037,\N,\N,72.037,NA,15
6268,917,818,5,25,16,1:12.040,\N,\N,72.03999999999999,NA,16
6269,917,815,10,11,17,1:12.076,\N,\N,72.076,NA,17
6270,917,813,208,13,18,1:12.233,\N,\N,72.233,NA,18
6305,918,821,15,21,15,1:42.819,\N,\N,102.819,NA,15
6304,918,154,208,8,14,1:42.768,\N,\N,102.768,NA,14
6303,918,16,15,99,13,1:42.746,1:43.074,\N,102.74600000000001,103.074,13
6302,918,807,10,27,12,1:42.444,1:42.384,\N,102.444,102.384,10
6301,918,815,10,11,11,1:42.654,1:42.239,\N,102.654,102.239,12
6300,918,818,5,25,10,1:42.413,1:42.207,\N,102.413,102.207,8
6299,918,825,1,20,9,1:42.104,1:42.198,\N,102.104,102.19800000000001,4
6298,918,4,6,14,8,1:42.467,1:41.940,1:42.866,102.467,101.94,11
6297,918,8,6,7,7,1:42.439,1:42.168,1:42.236,102.439,102.168,9
6296,918,18,1,22,6,1:42.137,1:41.875,1:41.964,102.137,101.875,5
6295,918,826,5,26,5,1:42.302,1:42.082,1:41.908,102.30199999999999,102.082,6
6294,918,13,3,19,4,1:41.475,1:41.144,1:41.119,101.475,101.144,3
6293,918,822,3,77,3,1:42.346,1:41.376,1:41.025,102.346,101.376,7
6292,918,1,131,44,2,1:41.207,1:40.920,1:40.866,101.207,100.92,1
6291,918,3,131,6,1,1:41.308,1:41.459,1:40.480,101.30799999999999,101.459,2
6306,918,813,208,13,16,1:42.860,\N,\N,102.86,NA,16
6307,918,155,207,10,17,1:44.540,\N,\N,104.53999999999999,NA,17
6308,918,829,207,46,18,1:45.095,\N,\N,105.095,NA,18
6309,926,1,131,44,1,1:28.586,1:26.894,1:26.327,88.586,86.894,1
6310,926,3,131,6,2,1:28.906,1:27.097,1:26.921,88.906,87.09700000000001,2
6311,926,13,3,19,3,1:29.246,1:27.895,1:27.718,89.246,87.895,3
6312,926,20,6,5,4,1:29.307,1:27.742,1:27.757,89.307,87.742,5
6313,926,8,6,7,5,1:29.754,1:27.807,1:27.790,89.754,87.807,10
6314,926,822,3,77,6,1:29.641,1:27.796,1:28.087,89.64099999999999,87.79599999999999,8
6315,926,817,9,3,7,1:29.788,1:28.679,1:28.329,89.788,88.679,11
6316,926,832,5,55,8,1:29.597,1:28.601,1:28.510,89.59700000000001,88.601,7
6317,926,154,208,8,9,1:29.537,1:28.589,1:28.560,89.537,88.589,6
6318,926,813,208,13,10,1:29.847,1:28.726,1:29.480,89.84700000000001,88.726,12
6319,926,831,15,12,11,1:30.430,1:28.800,\N,90.43,88.8,15
6320,926,830,5,33,12,1:29.248,1:28.868,\N,89.248,88.868,4
6321,926,826,9,26,13,1:30.402,1:29.070,\N,90.402,89.07,14
6322,926,807,10,27,14,1:29.651,1:29.208,\N,89.651,89.208,9
6323,926,815,10,11,15,1:29.990,1:29.209,\N,89.99,89.209,13
6324,926,828,15,9,16,1:31.376,\N,\N,91.376,NA,16
6325,926,18,1,22,17,1:31.422,\N,\N,91.422,NA,17
6326,926,825,1,20,18,1:32.037,\N,\N,92.037,NA,18
6327,927,1,131,44,1,1:39.269,1:41.517,1:49.834,99.269,101.517,1
6328,927,20,6,5,2,1:39.814,1:39.632,1:49.908,99.814,99.632,3
6329,927,3,131,6,3,1:39.374,1:39.377,1:50.299,99.374,99.37700000000001,2
6330,927,817,9,3,4,1:40.504,1:41.085,1:51.541,100.50399999999999,101.08500000000001,10
6331,927,826,9,26,5,1:40.546,1:41.665,1:51.951,100.54599999999999,101.66499999999999,12
6332,927,830,5,33,6,1:40.793,1:41.430,1:51.981,100.793,101.43,13
6333,927,13,3,19,7,1:40.543,1:41.230,1:52.473,100.543,101.22999999999999,11
6334,927,154,208,8,8,1:40.303,1:41.209,1:52.981,100.303,101.209,6
6335,927,822,3,77,9,1:40.249,1:40.650,1:53.179,100.249,100.65,5
6336,927,828,15,9,10,1:40.340,1:41.748,1:53.261,100.34,101.74799999999999,7
6337,927,8,6,7,11,1:40.415,1:42.173,\N,100.41499999999999,102.173,9
6338,927,813,208,13,12,1:40.361,1:42.198,\N,100.36099999999999,102.19800000000001,8
6339,927,807,10,27,13,1:40.830,1:43.023,\N,100.83,103.023,14
6340,927,815,10,11,14,1:41.036,1:43.469,\N,101.036,103.469,15
6341,927,832,5,55,15,1:39.814,1:43.701,\N,99.814,103.701,3
6342,927,831,15,12,16,1:41.308,\N,\N,101.30799999999999,NA,16
6343,927,18,1,22,17,1:41.636,\N,\N,101.636,NA,17
6344,927,4,1,14,18,1:41.746,\N,\N,101.74600000000001,NA,18
6345,927,833,209,98,19,1:46.677,\N,\N,106.67699999999999,NA,19
6346,928,1,131,44,1,1:38.285,1:36.423,1:35.782,98.285,96.423,5
6347,928,3,131,6,2,1:38.496,1:36.747,1:35.828,98.49600000000001,96.747,8
6348,928,20,6,5,3,1:37.502,1:36.957,1:36.687,97.50200000000001,96.957,1
6349,928,13,3,19,4,1:38.433,1:37.357,1:36.954,98.43299999999999,97.357,7
6350,928,822,3,77,5,1:38.014,1:37.763,1:37.143,98.01400000000001,97.763,3
6351,928,8,6,7,6,1:37.790,1:37.109,1:37.232,97.78999999999999,97.10900000000001,2
6352,928,817,9,3,7,1:38.534,1:37.939,1:37.540,98.53399999999999,97.939,10
6353,928,154,208,8,8,1:38.209,1:38.063,1:37.905,98.209,98.063,4
6354,928,831,15,12,9,1:38.521,1:38.017,1:38.067,98.521,98.017,9
6355,928,828,15,9,10,1:38.941,1:38.127,1:38.158,98.941,98.12700000000001,14
6356,928,813,208,13,11,1:38.563,1:38.134,\N,98.563,98.134,11
6357,928,826,9,26,12,1:39.051,1:38.209,\N,99.051,98.209,15
6358,928,830,5,33,13,1:38.387,1:38.393,\N,98.387,98.393,6
6359,928,832,5,55,14,1:38.622,1:38.538,\N,98.622,98.538,12
6360,928,815,10,11,15,1:38.903,1:39.290,\N,98.90299999999999,99.28999999999999,13
6361,928,807,10,27,16,1:39.216,\N,\N,99.21600000000001,NA,16
6362,928,18,1,22,17,1:39.276,\N,\N,99.27600000000001,NA,17
6363,928,4,1,14,18,1:39.280,\N,\N,99.28,NA,18
6364,928,829,209,28,19,1:42.091,\N,\N,102.09100000000001,NA,19
6365,928,833,209,98,20,1:42.842,\N,\N,102.842,NA,20
6366,929,1,131,44,1,1:33.928,1:32.669,1:32.571,93.928,92.669,1
6367,929,20,6,5,2,1:34.919,1:33.623,1:32.982,94.919,93.62299999999999,7
6368,929,3,131,6,3,1:34.398,1:33.878,1:33.129,94.398,93.878,3
6369,929,8,6,7,4,1:34.568,1:33.540,1:33.227,94.568,93.53999999999999,5
6370,929,822,3,77,5,1:34.161,1:33.897,1:33.381,94.161,93.89699999999999,2
6371,929,13,3,19,6,1:34.488,1:33.551,1:33.744,94.488,93.551,4
6372,929,817,9,3,7,1:34.691,1:34.403,1:33.832,94.691,94.40299999999999,6
6373,929,807,10,27,8,1:35.653,1:34.613,1:34.450,95.65299999999999,94.613,15
6374,929,832,5,55,9,1:35.371,1:34.641,1:34.462,95.37100000000001,94.64099999999999,11
6375,929,154,208,8,10,1:35.007,1:34.123,1:34.484,95.007,94.12299999999999,8
6376,929,815,10,11,11,1:35.451,1:34.704,\N,95.451,94.70400000000001,13
6377,929,831,15,12,12,1:35.310,1:34.737,\N,95.31,94.737,10
6378,929,828,15,9,13,1:35.438,1:35.034,\N,95.438,95.03399999999999,12
6379,929,4,1,14,14,1:35.205,1:35.039,\N,95.205,95.039,9
6380,929,830,5,33,15,1:35.611,1:35.103,\N,95.61099999999999,95.10300000000001,14
6381,929,813,208,13,16,1:35.677,\N,\N,95.67699999999999,NA,16
6382,929,826,9,26,17,1:35.800,\N,\N,95.8,NA,17
6383,929,829,209,28,18,1:38.713,\N,\N,98.713,NA,18
6384,929,833,209,98,19,1:39.722,\N,\N,99.72200000000001,NA,19
6385,930,3,131,6,1,1:26.490,1:25.166,1:24.681,86.49,85.166,2
6386,930,1,131,44,2,1:26.382,1:25.740,1:24.948,86.382,85.74,1
6387,930,20,6,5,3,1:27.534,1:26.167,1:25.458,87.53399999999999,86.167,10
6388,930,822,3,77,4,1:27.262,1:26.197,1:25.694,87.262,86.197,6
6389,930,832,5,55,5,1:26.773,1:26.475,1:26.136,86.773,86.475,4
6390,930,830,5,33,6,1:27.393,1:26.441,1:26.249,87.393,86.441,9
6391,930,8,6,7,7,1:26.637,1:26.016,1:26.414,86.637,86.01599999999999,3
6392,930,826,9,26,8,1:27.833,1:26.889,1:26.629,87.833,86.889,14
6393,930,13,3,19,9,1:27.165,1:26.147,1:26.757,87.16499999999999,86.14699999999999,5
6394,930,817,9,3,10,1:27.611,1:26.692,1:26.770,87.611,86.69200000000001,11
6395,930,154,208,8,11,1:27.383,1:27.375,\N,87.383,87.375,8
6396,930,813,208,13,12,1:27.281,1:27.450,\N,87.281,87.45,7
6397,930,4,1,14,13,1:27.941,1:27.760,\N,87.941,87.76,15
6398,930,18,1,22,14,1:27.813,1:27.854,\N,87.813,87.854,13
6399,930,831,15,12,15,1:27.625,1:28.005,\N,87.625,88.005,12
6400,930,828,15,9,16,1:28.112,\N,\N,88.112,NA,16
6401,930,807,10,27,17,1:28.365,\N,\N,88.365,NA,17
6402,930,815,10,11,18,1:28.442,\N,\N,88.44200000000001,NA,18
6403,930,829,209,28,19,1:31.200,\N,\N,91.2,NA,19
6404,930,833,209,98,20,1:32.038,\N,\N,92.038,NA,20
6405,931,1,131,44,1,1:16.588,1:15.864,1:15.098,76.588,75.864,2
6406,931,3,131,6,2,1:16.528,1:15.471,1:15.440,76.52799999999999,75.471,1
6407,931,20,6,5,3,1:17.502,1:16.181,1:15.849,77.502,76.181,9
6408,931,817,9,3,4,1:17.254,1:16.706,1:16.041,77.254,76.706,6
6409,931,826,9,26,5,1:16.845,1:16.453,1:16.182,76.845,76.453,4
6410,931,8,6,7,6,1:17.660,1:16.440,1:16.427,77.66,76.44,12
6411,931,815,10,11,7,1:17.376,1:16.999,1:16.808,77.376,76.999,7
6412,931,832,5,55,8,1:17.246,1:16.762,1:16.931,77.246,76.762,5
6413,931,813,208,13,9,1:17.630,1:16.775,1:16.946,77.63,76.775,11
6414,931,830,5,33,10,1:16.750,1:16.546,1:16.957,76.75,76.54599999999999,3
6415,931,154,208,8,11,1:17.767,1:17.007,\N,77.767,77.007,14
6416,931,18,1,22,12,1:17.492,1:17.093,\N,77.492,77.093,8
6417,931,807,10,27,13,1:17.552,1:17.193,\N,77.55199999999999,77.193,10
6418,931,13,3,19,14,1:17.679,1:17.278,\N,77.679,77.27799999999999,13
6419,931,4,1,14,15,1:17.778,1:26.632,\N,77.77799999999999,86.632,15
6420,931,831,15,12,16,1:18.101,\N,\N,78.101,NA,16
6421,931,822,3,77,17,1:18.434,\N,\N,78.434,NA,17
6422,931,828,15,9,18,1:18.513,\N,\N,78.513,NA,18
6423,931,829,209,28,19,1:20.655,\N,\N,80.655,NA,19
6424,931,833,209,98,20,1:20.904,\N,\N,80.904,NA,20
6425,932,1,131,44,1,1:15.895,1:14.661,1:14.393,75.895,74.661,3
6426,932,3,131,6,2,1:15.893,1:14.673,1:14.702,75.893,74.673,2
6427,932,8,6,7,3,1:16.259,1:15.348,1:15.014,76.259,75.348,6
6428,932,822,3,77,4,1:16.552,1:15.506,1:15.102,76.55199999999999,75.506,10
6429,932,154,208,8,5,1:15.833,1:15.187,1:15.194,75.833,75.187,1
6430,932,813,208,13,6,1:16.098,1:15.622,1:15.329,76.098,75.622,4
6431,932,807,10,27,7,1:16.186,1:15.706,1:15.614,76.186,75.706,5
6432,932,826,9,26,8,1:16.415,1:15.891,1:16.079,76.41499999999999,75.891,9
6433,932,817,9,3,9,1:16.410,1:16.006,1:16.114,76.41,76.006,8
6434,932,815,10,11,10,1:16.827,1:15.974,1:16.338,76.827,75.974,13
6435,932,832,5,55,11,1:16.611,1:16.042,\N,76.611,76.042,11
6436,932,830,5,33,12,1:16.361,1:16.245,\N,76.361,76.245,7
6437,932,828,15,9,13,1:16.796,1:16.262,\N,76.79599999999999,76.262,12
6438,932,4,1,14,14,1:17.012,1:16.276,\N,77.012,76.276,15
6439,932,831,15,12,15,1:16.968,1:16.620,\N,76.968,76.62,14
6440,932,20,6,5,16,1:17.344,\N,\N,77.344,NA,16
6441,932,13,3,19,17,1:17.886,\N,\N,77.886,NA,17
6442,932,833,209,98,18,1:19.133,\N,\N,79.133,NA,18
6443,932,829,209,28,19,1:19.157,\N,\N,79.157,NA,19
6444,933,1,131,44,1,1:12.218,1:09.062,1:08.455,72.218,69.062,13
6445,933,3,131,6,2,1:10.976,1:08.634,1:08.655,70.976,68.634,1
6446,933,20,6,5,3,1:11.184,1:09.392,1:08.810,71.184,69.392,3
6447,933,13,3,19,4,1:11.830,1:09.719,1:09.192,71.83,69.719,8
6448,933,807,10,27,5,1:11.319,1:09.604,1:09.278,71.319,69.604,5
6449,933,822,3,77,6,1:11.894,1:09.598,1:09.319,71.894,69.598,9
6450,933,830,5,33,7,1:11.307,1:09.631,1:09.612,71.307,69.631,4
6451,933,826,9,26,8,1:12.092,1:10.187,1:09.694,72.092,70.187,12
6452,933,831,15,12,9,1:12.001,1:09.652,1:09.713,72.001,69.652,11
6453,933,154,208,8,10,1:11.821,1:09.920,\N,71.821,69.92,7
6454,933,813,208,13,11,1:11.661,1:10.374,\N,71.661,70.374,6
6455,933,828,15,9,12,1:12.388,1:10.426,\N,72.388,70.426,14
6456,933,832,5,55,13,1:11.158,1:10.465,\N,71.158,70.465,2
6457,933,817,9,3,14,1:11.973,1:10.482,\N,71.973,70.482,10
6458,933,4,1,14,15,1:12.508,1:10.736,\N,72.508,70.736,15
6459,933,815,10,11,16,1:12.522,\N,\N,72.522,NA,16
6460,933,18,1,22,17,1:12.632,\N,\N,72.632,NA,17
6461,933,8,6,7,18,1:12.867,\N,\N,72.867,NA,18
6462,933,833,209,98,19,1:14.071,\N,\N,74.071,NA,19
6463,933,829,209,28,20,1:15.368,\N,\N,75.368,NA,20
6464,934,1,131,44,1,1:33.796,1:33.068,1:32.248,93.79599999999999,93.068,4
6465,934,3,131,6,2,1:33.475,1:32.737,1:32.361,93.475,92.737,2
6466,934,13,3,19,3,1:34.542,1:33.707,1:33.085,94.542,93.707,9
6467,934,822,3,77,4,1:34.171,1:33.020,1:33.149,94.17099999999999,93.02000000000001,5
6468,934,8,6,7,5,1:33.426,1:33.911,1:33.379,93.426,93.911,1
6469,934,20,6,5,6,1:33.562,1:33.641,1:33.547,93.562,93.64099999999999,3
6470,934,826,9,26,7,1:34.422,1:33.520,1:33.636,94.422,93.52000000000001,8
6471,934,832,5,55,8,1:34.641,1:34.071,1:33.649,94.64099999999999,94.071,11
6472,934,807,10,27,9,1:34.594,1:33.693,1:33.673,94.594,93.693,10
6473,934,817,9,3,10,1:34.272,1:33.749,1:33.943,94.27199999999999,93.749,7
6474,934,815,10,11,11,1:34.250,1:34.268,\N,94.25,94.268,6
6475,934,154,208,8,12,1:34.646,1:34.430,\N,94.646,94.43,13
6476,934,830,5,33,13,1:34.819,1:34.502,\N,94.819,94.50200000000001,14
6477,934,813,208,13,14,1:34.877,1:34.511,\N,94.87700000000001,94.511,15
6478,934,828,15,9,15,1:34.643,1:34.868,\N,94.643,94.868,12
6479,934,831,15,12,16,1:34.888,\N,\N,94.888,NA,16
6480,934,4,1,14,17,1:34.959,\N,\N,94.959,NA,17
6481,934,18,1,22,18,1:35.207,\N,\N,95.207,NA,18
6482,934,829,209,28,19,1:37.364,\N,\N,97.364,NA,19
6483,934,833,209,98,20,1:39.377,\N,\N,99.37700000000001,NA,20
6484,936,1,131,44,1,1:22.890,1:22.285,1:22.020,82.89,82.285,1
6485,936,3,131,6,2,1:22.979,1:22.775,1:22.595,82.979,82.775,2
6486,936,20,6,5,3,1:23.312,1:23.168,1:22.739,83.312,83.168,3
6487,936,817,9,3,4,1:24.408,1:23.230,1:22.774,84.408,83.23,12
6488,936,8,6,7,5,1:23.596,1:23.460,1:23.020,83.596,83.46000000000001,5
6489,936,822,3,77,6,1:23.649,1:23.555,1:23.222,83.649,83.555,6
6490,936,826,9,26,7,1:23.587,1:23.597,1:23.332,83.587,83.59700000000001,4
6491,936,13,3,19,8,1:23.895,1:23.598,1:23.537,83.895,83.598,7
6492,936,830,5,33,9,1:24.032,1:23.781,1:23.679,84.032,83.781,9
6493,936,154,208,8,10,1:24.242,1:23.805,1:24.181,84.242,83.805,11
6494,936,807,10,27,11,1:24.115,1:23.826,\N,84.115,83.826,10
6495,936,832,5,55,12,1:24.623,1:23.869,\N,84.623,83.869,15
6496,936,815,10,11,13,1:24.444,1:24.461,\N,84.444,84.461,13
6497,936,813,208,13,14,1:23.895,1:24.609,\N,83.895,84.60900000000001,7
6498,936,4,1,14,15,1:24.563,\N,\N,84.563,NA,14
6499,936,18,1,22,16,1:24.739,\N,\N,84.739,NA,16
6500,936,828,15,9,17,1:24.843,\N,\N,84.843,NA,17
6501,936,831,15,12,18,1:24.997,\N,\N,84.997,NA,18
6502,936,833,209,98,19,1:27.416,\N,\N,87.416,NA,19
6503,936,829,209,28,20,1:27.949,\N,\N,87.949,NA,20
6504,937,1,131,44,1,1:48.908,1:48.024,1:47.197,108.908,108.024,1
6505,937,3,131,6,2,1:48.923,1:47.955,1:47.655,108.923,107.955,2
6506,937,822,3,77,3,1:49.026,1:49.044,1:48.537,109.02600000000001,109.044,4
6507,937,154,208,8,4,1:49.353,1:48.981,1:48.561,109.35300000000001,108.981,8
6508,937,815,10,11,5,1:49.006,1:48.792,1:48.599,109.006,108.792,3
6509,937,817,9,3,6,1:49.664,1:49.042,1:48.639,109.664,109.042,13
6510,937,13,3,19,7,1:49.688,1:48.806,1:48.685,109.688,108.806,14
6511,937,813,208,13,8,1:49.568,1:48.956,1:48.754,109.568,108.956,12
6512,937,20,6,5,9,1:49.264,1:48.761,1:48.825,109.26400000000001,108.761,6
6513,937,832,5,55,10,1:49.109,1:49.065,1:49.771,109.10900000000001,109.065,5
6514,937,807,10,27,11,1:49.499,1:49.121,\N,109.499,109.12100000000001,10
6515,937,826,9,26,12,1:49.469,1:49.228,\N,109.469,109.22800000000001,9
6516,937,828,15,9,13,1:49.523,1:49.586,\N,109.523,109.586,11
6517,937,8,6,7,14,1:49.288,\N,\N,109.288,NA,7
6518,937,830,5,33,15,1:49.831,\N,\N,109.831,NA,15
6519,937,831,15,12,16,1:49.952,\N,\N,109.952,NA,16
6520,937,18,1,22,17,1:50.978,\N,\N,110.97800000000001,NA,17
6521,937,4,1,14,18,1:51.420,\N,\N,111.42,NA,18
6522,937,829,206,28,19,1:52.948,\N,\N,112.94800000000001,NA,19
6523,937,833,206,98,20,1:53.099,\N,\N,113.09899999999999,NA,20
6524,938,1,131,44,1,1:24.251,1:23.383,1:23.397,84.251,83.383,1
6525,938,8,6,7,2,1:24.662,1:23.757,1:23.631,84.662,83.757,3
6526,938,20,6,5,3,1:24.989,1:23.577,1:23.685,84.989,83.577,7
6527,938,3,131,6,4,1:24.609,1:23.864,1:23.703,84.60900000000001,83.864,2
6528,938,13,3,19,5,1:25.184,1:23.983,1:23.940,85.184,83.983,11
6529,938,822,3,77,6,1:24.979,1:24.313,1:24.127,84.979,84.313,6
6530,938,815,10,11,7,1:24.801,1:24.379,1:24.626,84.801,84.379,4
6531,938,154,208,8,8,1:25.144,1:24.448,1:25.054,85.144,84.44800000000001,10
6532,938,807,10,27,9,1:24.937,1:24.510,1:25.317,84.937,84.51,5
6533,938,828,15,9,10,1:25.122,1:24.457,1:26.214,85.122,84.457,9
6534,938,813,208,13,11,1:25.429,1:24.525,\N,85.429,84.525,13
6535,938,831,15,12,12,1:25.121,1:24.898,\N,85.121,84.898,8
6536,938,832,5,55,13,1:25.410,1:25.618,\N,85.41,85.618,12
6537,938,826,9,26,14,1:25.742,1:25.796,\N,85.742,85.79599999999999,15
6538,938,817,9,3,15,1:25.633,\N,\N,85.633,NA,14
6539,938,18,1,22,16,1:26.058,\N,\N,86.05799999999999,NA,16
6540,938,4,1,14,17,1:26.154,\N,\N,86.154,NA,17
6541,938,829,209,28,18,1:27.731,\N,\N,87.731,NA,18
6542,938,833,209,98,19,1:27.912,\N,\N,87.912,NA,19
6544,939,20,6,5,1,1:46.017,1:44.743,1:43.885,106.017,104.743,4
6545,939,817,9,3,2,1:46.166,1:45.291,1:44.428,106.166,105.291,5
6546,939,8,6,7,3,1:46.467,1:45.140,1:44.667,106.467,105.14,9
6547,939,826,9,26,4,1:45.340,1:44.979,1:44.745,105.34,104.979,1
6548,939,1,131,44,5,1:45.765,1:45.650,1:45.300,105.765,105.65,2
6549,939,3,131,6,6,1:46.201,1:45.653,1:45.415,106.201,105.65299999999999,6
6550,939,822,3,77,7,1:46.231,1:45.887,1:45.676,106.231,105.887,7
6551,939,830,5,33,8,1:46.483,1:45.635,1:45.798,106.483,105.63499999999999,10
6552,939,13,3,19,9,1:46.879,1:45.701,1:46.077,106.87899999999999,105.701,15
6553,939,154,208,8,10,1:46.860,1:45.805,1:46.413,106.86,105.805,14
6554,939,807,10,27,11,1:46.669,1:46.305,\N,106.669,106.305,13
6555,939,4,1,14,12,1:46.600,1:46.328,\N,106.6,106.328,12
6556,939,815,10,11,13,1:46.576,1:46.385,\N,106.576,106.38499999999999,11
6557,939,832,5,55,14,1:46.465,1:46.894,\N,106.465,106.894,8
6558,939,18,1,22,15,1:45.891,1:47.019,\N,105.89099999999999,107.019,3
6559,939,831,15,12,16,1:46.965,\N,\N,106.965,NA,16
6560,939,828,15,9,17,1:47.088,\N,\N,107.088,NA,17
6561,939,813,208,13,18,1:47.323,\N,\N,107.32300000000001,NA,18
6562,939,829,209,28,19,1:51.021,\N,\N,111.021,NA,19
6563,939,834,209,53,20,1:51.523,\N,\N,111.523,NA,20
6564,940,3,131,6,1,1:33.015,1:32.632,1:32.584,93.015,92.632,2
6565,940,1,131,44,2,1:32.844,1:32.789,1:32.660,92.844,92.789,1
6566,940,822,3,77,3,1:34.326,1:33.416,1:33.024,94.326,93.416,4
6567,940,20,6,5,4,1:34.431,1:33.844,1:33.245,94.431,93.844,7
6568,940,13,3,19,5,1:34.744,1:33.377,1:33.337,94.744,93.37700000000001,10
6569,940,8,6,7,6,1:34.171,1:33.361,1:33.347,94.17099999999999,93.36099999999999,3
6570,940,817,9,3,7,1:34.399,1:34.153,1:33.497,94.399,94.15299999999999,6
6571,940,154,208,8,8,1:34.398,1:34.278,1:33.967,94.398,94.27799999999999,5
6572,940,815,10,11,9,1:35.001,1:34.174,\N,95.001,94.174,13
6573,940,826,9,26,10,1:34.646,1:34.201,\N,94.646,94.201,9
6574,940,807,10,27,11,1:35.328,1:34.390,\N,95.328,94.39,14
6575,940,832,5,55,12,1:34.873,1:34.453,\N,94.87299999999999,94.453,12
6576,940,813,208,13,13,1:34.796,1:34.497,\N,94.79599999999999,94.497,11
6577,940,4,1,14,14,1:35.467,1:34.785,\N,95.467,94.785,15
6578,940,830,5,33,15,1:34.522,\N,\N,94.52199999999999,NA,8
6579,940,18,1,22,16,1:35.664,\N,\N,95.664,NA,16
6580,940,828,15,9,17,1:35.673,\N,\N,95.673,NA,17
6581,940,831,15,12,18,1:35.760,\N,\N,95.75999999999999,NA,18
6582,940,829,209,28,19,1:38.783,\N,\N,98.783,NA,19
6583,940,834,209,53,20,1:47.114,\N,\N,107.114,NA,20
6584,941,3,131,6,1,1:38.343,1:37.500,1:37.113,98.343,97.5,1
6585,941,1,131,44,2,1:38.558,1:37.672,1:37.433,98.55799999999999,97.672,3
6586,941,822,3,77,3,1:38.448,1:38.194,1:37.912,98.44800000000001,98.194,2
6587,941,20,6,5,4,1:38.598,1:38.402,1:37.965,98.598,98.402,4
6588,941,8,6,7,5,1:39.207,1:38.224,1:38.348,99.207,98.22399999999999,7
6589,941,807,10,27,6,1:39.250,1:38.727,1:38.659,99.25,98.727,8
6590,941,815,10,11,7,1:39.617,1:38.914,1:38.691,99.61699999999999,98.914,12
6591,941,154,208,8,8,1:39.056,1:38.754,1:38.787,99.056,98.75399999999999,6
6592,941,830,5,33,9,1:39.411,1:39.119,1:38.924,99.411,99.119,9
6593,941,817,9,3,10,1:39.574,1:39.005,1:39.728,99.574,99.005,10
6594,941,826,9,26,11,1:39.580,1:39.214,\N,99.58,99.214,11
6595,941,831,15,12,12,1:40.042,1:39.323,\N,100.042,99.32300000000001,15
6596,941,18,1,22,13,1:39.739,1:39.763,\N,99.739,99.763,14
6597,941,813,208,13,14,1:39.724,1:39.811,\N,99.72399999999999,99.811,13
6598,941,13,3,19,15,1:38.926,1:39.895,\N,98.926,99.89500000000001,5
6599,941,4,1,14,16,1:40.144,\N,\N,100.144,NA,16
6600,941,828,15,9,17,1:40.660,\N,\N,100.66,NA,17
6601,941,829,206,28,18,1:43.693,\N,\N,103.693,NA,18
6602,941,833,206,98,19,1:43.804,\N,\N,103.804,NA,19
6603,942,3,131,6,1,1:56.671,1:56.824,\N,116.67099999999999,116.824,2
6604,942,1,131,44,2,1:56.871,1:56.929,\N,116.87100000000001,116.929,3
6605,942,817,9,3,3,1:56.495,1:57.969,\N,116.495,117.969,1
6606,942,826,9,26,4,1:57.640,1:58.434,\N,117.64,118.434,4
6607,942,20,6,5,5,2:00.950,1:58.596,\N,120.95,118.596,15
6608,942,815,10,11,6,1:59.264,1:59.210,\N,119.26400000000001,119.21000000000001,8
6609,942,807,10,27,7,1:58.325,1:59.333,\N,118.325,119.333,6
6610,942,8,6,7,8,1:58.198,1:59.703,\N,118.19800000000001,119.703,5
6611,942,13,3,19,9,2:00.902,1:59.999,\N,120.902,119.999,14
6612,942,830,5,33,10,1:58.689,2:00.199,\N,118.689,120.199,7
6613,942,4,1,14,11,1:59.704,2:00.265,\N,119.70400000000001,120.265,10
6614,942,822,3,77,12,1:59.569,2:00.334,\N,119.569,120.334,9
6615,942,154,208,8,13,2:00.236,2:00.595,\N,120.236,120.595,11
6616,942,18,1,22,14,2:00.261,2:01.193,\N,120.261,121.193,12
6617,942,813,208,13,15,2:00.844,2:01.604,\N,120.844,121.604,13
6618,942,828,15,9,16,2:02.212,\N,\N,122.212,NA,16
6619,942,831,15,12,17,2:03.194,\N,\N,123.194,NA,17
6620,942,834,206,53,18,2:04.176,\N,\N,124.176,NA,18
6621,942,829,206,28,19,2:04.526,\N,\N,124.526,NA,19
6622,942,832,5,55,20,2:07.304,\N,\N,127.304,NA,20
6623,943,3,131,6,1,1:20.436,1:20.053,1:19.480,80.436,80.053,1
6624,943,1,131,44,2,1:20.808,1:19.829,1:19.668,80.80799999999999,79.82900000000001,3
6625,943,20,6,5,3,1:20.503,1:20.045,1:19.850,80.503,80.045,2
6626,943,826,9,26,4,1:20.826,1:20.490,1:20.398,80.826,80.49,5
6627,943,817,9,3,5,1:21.166,1:20.783,1:20.399,81.166,80.783,9
6628,943,822,3,77,6,1:20.817,1:20.458,1:20.448,80.81700000000001,80.458,4
6629,943,13,3,19,7,1:21.379,1:20.642,1:20.567,81.379,80.642,12
6630,943,830,5,33,8,1:20.995,1:20.894,1:20.710,80.995,80.894,8
6631,943,815,10,11,9,1:20.966,1:20.669,1:20.716,80.96600000000001,80.669,7
6632,943,807,10,27,10,1:21.315,1:20.935,1:20.788,81.315,80.935,11
6633,943,832,5,55,11,1:20.960,1:20.942,\N,80.96000000000001,80.94200000000001,6
6634,943,154,208,8,12,1:21.577,1:21.038,\N,81.577,81.038,15
6635,943,813,208,13,13,1:21.520,1:21.261,\N,81.52,81.261,14
6636,943,828,15,9,14,1:21.299,1:21.544,\N,81.299,81.544,10
6637,943,8,6,7,15,1:21.422,1:22.494,\N,81.422,82.494,13
6638,943,4,1,14,16,1:21.779,\N,\N,81.779,NA,16
6639,943,831,15,12,17,1:21.788,\N,\N,81.788,NA,17
6640,943,834,206,53,18,1:24.136,\N,\N,84.136,NA,18
6641,943,829,206,28,19,1:24.386,\N,\N,84.386,NA,19
6643,944,3,131,6,1,1:11.746,1:12.213,1:11.282,71.746,72.213,2
6644,944,1,131,44,2,1:11.682,1:11.665,1:11.360,71.682,71.66499999999999,1
6645,944,20,6,5,3,1:12.240,1:11.928,1:11.804,72.24,71.928,4
6646,944,822,3,77,4,1:12.934,1:12.374,1:12.085,72.934,72.374,9
6647,944,8,6,7,5,1:12.185,1:12.243,1:12.144,72.185,72.243,3
6648,944,807,10,27,6,1:12.595,1:12.485,1:12.265,72.595,72.485,5
6649,944,826,9,26,7,1:12.730,1:12.527,1:12.322,72.73,72.527,7
6650,944,13,3,19,8,1:12.980,1:12.858,1:12.415,72.98,72.858,10
6651,944,817,9,3,9,1:12.639,1:12.825,1:12.417,72.639,72.825,6
6652,944,830,5,33,10,1:12.824,1:12.712,1:12.739,72.824,72.712,8
6653,944,831,15,12,11,1:13.111,1:12.989,\N,73.111,72.989,12
6654,944,832,5,55,12,1:13.267,1:13.045,\N,73.267,73.045,14
6655,944,815,10,11,13,1:13.140,1:13.147,\N,73.14,73.147,13
6656,944,828,15,9,14,1:13.346,1:13.233,\N,73.346,73.233,15
6657,944,154,208,8,15,1:13.056,1:13.913,\N,73.056,73.913,11
6658,944,813,208,13,16,1:13.385,\N,\N,73.385,NA,16
6659,944,18,1,22,17,1:13.425,\N,\N,73.425,NA,17
6660,944,834,206,53,18,1:16.151,\N,\N,76.151,NA,18
6661,944,829,206,28,19,1:16.283,\N,\N,76.283,NA,19
6663,945,3,131,6,1,1:41.111,1:40.979,1:40.237,101.11099999999999,100.979,2
6664,945,1,131,44,2,1:40.974,1:40.758,1:40.614,100.97399999999999,100.75800000000001,1
6665,945,8,6,7,3,1:42.500,1:41.612,1:41.051,102.5,101.612,7
6666,945,815,10,11,4,1:41.983,1:41.560,1:41.184,101.983,101.56,3
6667,945,817,9,3,5,1:42.275,1:41.830,1:41.444,102.275,101.83,5
6668,945,822,3,77,6,1:42.608,1:41.868,1:41.656,102.608,101.868,11
6669,945,807,10,27,7,1:41.996,1:41.925,1:41.686,101.99600000000001,101.925,4
6670,945,13,3,19,8,1:42.303,1:42.349,1:41.759,102.303,102.34899999999999,6
6671,945,826,9,26,9,1:42.540,1:42.328,1:41.933,102.53999999999999,102.328,8
6672,945,832,5,55,10,1:42.911,1:42.482,1:42.708,102.911,102.482,14
6673,945,830,5,33,11,1:42.889,1:42.521,\N,102.88900000000001,102.521,12
6674,945,18,1,22,12,1:42.570,1:42.668,\N,102.57,102.668,9
6675,945,813,208,13,13,1:42.929,1:42.807,\N,102.929,102.807,15
6676,945,831,15,12,14,1:42.896,1:43.614,\N,102.896,103.614,13
6677,945,154,208,8,15,1:42.585,\N,\N,102.58500000000001,NA,10
6678,945,20,6,5,16,1:42.941,\N,\N,102.941,NA,16
6679,945,4,1,14,17,1:43.187,\N,\N,103.187,NA,17
6680,945,828,15,9,18,1:43.838,\N,\N,103.838,NA,18
6681,945,829,209,28,19,1:46.297,\N,\N,106.297,NA,19
6682,945,833,209,98,20,1:47.434,\N,\N,107.434,NA,20
6683,948,1,131,44,1,1:25.351,1:24.605,1:23.837,85.351,84.605,1
6684,948,3,131,6,2,1:26.934,1:24.796,1:24.197,86.934,84.79599999999999,8
6685,948,20,6,5,3,1:26.945,1:25.257,1:24.675,86.945,85.257,10
6686,948,8,6,7,4,1:26.579,1:25.615,1:25.033,86.57900000000001,85.615,5
6687,948,830,5,33,5,1:26.934,1:25.615,1:25.434,86.934,85.615,8
6688,948,13,3,19,6,1:25.918,1:25.644,1:25.458,85.918,85.644,2
6689,948,832,5,55,7,1:27.057,1:25.384,1:25.582,87.057,85.384,12
6690,948,817,9,3,8,1:26.945,1:25.599,1:25.589,86.945,85.599,10
6691,948,815,10,11,9,1:26.607,1:25.753,\N,86.607,85.753,6
6692,948,807,10,27,10,1:26.550,1:25.865,\N,86.55,85.865,4
6693,948,822,3,77,11,1:27.135,1:25.961,\N,87.135,85.961,13
6694,948,4,1,14,12,1:26.537,1:26.125,\N,86.537,86.125,3
6695,948,18,1,22,13,1:26.740,1:26.304,\N,86.74,86.304,7
6696,948,835,4,30,14,1:27.241,1:27.601,\N,87.241,87.601,14
6697,948,825,4,20,15,1:27.297,1:27.742,\N,87.297,87.742,15
6698,948,828,15,9,16,1:27.435,\N,\N,87.435,NA,16
6699,948,831,15,12,17,1:27.958,\N,\N,87.958,NA,17
6700,948,826,9,26,18,1:28.006,\N,\N,88.006,NA,18
6701,948,154,210,8,19,1:28.322,\N,\N,88.322,NA,19
6702,948,821,210,21,20,1:29.606,\N,\N,89.606,NA,20
6703,948,837,209,88,21,1:29.627,\N,\N,89.627,NA,21
6704,948,836,209,94,22,1:29.642,\N,\N,89.642,NA,22
6705,949,1,131,44,1,1:31.391,1:30.039,1:29.493,91.39099999999999,90.039,2
6706,949,3,131,6,2,1:31.325,1:30.535,1:29.570,91.325,90.535,1
6707,949,20,6,5,3,1:31.636,1:30.409,1:30.012,91.636,90.40899999999999,4
6708,949,8,6,7,4,1:31.685,1:30.559,1:30.244,91.685,90.559,6
6709,949,817,9,3,5,1:31.403,1:31.122,1:30.854,91.40299999999999,91.122,3
6710,949,822,3,77,6,1:31.672,1:30.931,1:31.153,91.672,90.931,5
6711,949,13,3,19,7,1:32.045,1:31.374,1:31.155,92.045,91.374,12
6712,949,807,10,27,8,1:31.987,1:31.604,1:31.620,91.987,91.604,10
6713,949,154,210,8,9,1:32.005,1:31.756,\N,92.005,91.756,11
6714,949,830,5,33,10,1:31.888,1:31.772,\N,91.888,91.77199999999999,8
6715,949,832,5,55,11,1:31.716,1:31.816,\N,91.71600000000001,91.816,7
6716,949,838,1,47,12,1:32.472,1:31.934,\N,92.47200000000001,91.934,14
6717,949,821,210,21,13,1:32.118,1:31.945,\N,92.118,91.945,13
6718,949,18,1,22,14,1:31.976,1:31.998,\N,91.976,91.998,9
6719,949,826,9,26,15,1:32.559,1:32.241,\N,92.559,92.241,15
6720,949,836,209,94,16,1:32.806,\N,\N,92.806,NA,16
6721,949,828,15,9,17,1:32.840,\N,\N,92.84,NA,17
6722,949,815,10,11,18,1:32.911,\N,\N,92.911,NA,18
6723,949,825,4,20,19,1:33.181,\N,\N,93.181,NA,19
6724,949,835,4,30,20,1:33.438,\N,\N,93.438,NA,20
6725,949,837,209,88,21,1:34.190,\N,\N,94.19,NA,21
6726,949,831,15,12,22,1:34.388,\N,\N,94.388,NA,22
6727,950,3,131,6,1,1:37.669,1:36.240,1:35.402,97.669,96.24000000000001,6
6728,950,817,9,3,2,1:37.672,1:36.815,1:35.917,97.672,96.815,7
6729,950,8,6,7,3,1:37.347,1:36.118,1:35.972,97.34700000000001,96.118,2
6730,950,20,6,5,4,1:37.001,1:36.183,1:36.246,97.001,96.18299999999999,1
6731,950,822,3,77,5,1:37.537,1:36.831,1:36.296,97.537,96.831,3
6732,950,826,9,26,6,1:37.719,1:36.948,1:36.399,97.719,96.94800000000001,8
6733,950,815,10,11,7,1:38.096,1:37.149,1:36.865,98.096,97.149,10
6734,950,832,5,55,8,1:37.656,1:37.204,1:36.881,97.656,97.20400000000001,5
6735,950,830,5,33,9,1:38.181,1:37.265,1:37.194,98.181,97.265,12
6736,950,807,10,27,10,1:38.165,1:37.333,\N,98.16499999999999,97.333,11
6737,950,13,3,19,11,1:38.016,1:37.347,\N,98.01599999999999,97.34700000000001,9
6738,950,4,1,14,12,1:38.451,1:38.826,\N,98.451,98.826,15
6739,950,18,1,22,13,1:37.593,1:39.093,\N,97.593,99.093,4
6740,950,154,210,8,14,1:38.425,1:39.830,\N,98.425,99.83,14
6741,950,828,15,9,15,1:38.321,1:40.742,\N,98.321,100.74199999999999,13
6742,950,831,15,12,16,1:38.654,1:42.430,\N,98.654,102.43,16
6743,950,825,4,20,17,1:38.673,\N,\N,98.673,NA,17
6744,950,821,210,21,18,1:38.770,\N,\N,98.77000000000001,NA,18
6745,950,835,4,30,19,1:39.528,\N,\N,99.52799999999999,NA,19
6746,950,837,209,88,20,1:40.264,\N,\N,100.26400000000001,NA,20
6749,951,3,131,6,1,1:36.119,1:35.337,1:35.417,96.119,95.337,2
6750,951,20,6,5,2,1:36.555,1:36.623,1:36.123,96.555,96.62299999999999,3
6751,951,822,3,77,3,1:37.746,1:37.140,1:36.536,97.74600000000001,97.14,5
6752,951,8,6,7,4,1:36.976,1:36.741,1:36.663,96.976,96.741,4
6753,951,13,3,19,5,1:37.753,1:37.230,1:37.016,97.753,97.22999999999999,6
6754,951,817,9,3,6,1:38.091,1:37.569,1:37.125,98.09100000000001,97.569,10
6755,951,815,10,11,7,1:38.006,1:37.282,1:37.212,98.006,97.282,9
6756,951,826,9,26,8,1:38.265,1:37.606,1:37.459,98.265,97.606,12
6757,951,830,5,33,9,1:38.123,1:37.510,1:37.583,98.12299999999999,97.50999999999999,11
6758,951,1,131,44,10,1:36.006,1:35.820,\N,96.006,95.82,1
6759,951,832,5,55,11,1:37.784,1:37.652,\N,97.78399999999999,97.652,7
6760,951,18,1,22,12,1:38.332,1:37.701,\N,98.332,97.701,13
6761,951,807,10,27,13,1:38.562,1:37.771,\N,98.562,97.771,15
6762,951,4,1,14,14,1:37.971,1:37.807,\N,97.971,97.807,8
6763,951,154,210,8,15,1:38.383,1:38.055,\N,98.38300000000001,98.055,14
6764,951,821,210,21,16,1:38.678,1:38.115,\N,98.678,98.11500000000001,16
6765,951,825,4,20,17,1:38.914,\N,\N,98.914,NA,17
6766,951,835,4,30,18,1:39.009,\N,\N,99.009,NA,18
6767,951,831,15,12,19,1:39.018,\N,\N,99.018,NA,19
6768,951,836,209,94,20,1:39.399,\N,\N,99.399,NA,20
6769,951,837,209,88,21,1:39.463,\N,\N,99.463,NA,21
6770,951,828,15,9,22,1:39.519,\N,\N,99.519,NA,22
6771,952,1,131,44,1,1:23.214,1:22.159,1:22.000,83.214,82.15899999999999,2
6772,952,3,131,6,2,1:23.002,1:22.759,1:22.280,83.002,82.759,1
6773,952,817,9,3,3,1:23.749,1:23.585,1:22.680,83.749,83.58500000000001,4
6774,952,830,9,33,4,1:23.578,1:23.178,1:23.087,83.578,83.178,3
6775,952,8,6,7,5,1:23.796,1:23.504,1:23.113,83.79599999999999,83.504,5
6776,952,20,6,5,6,1:24.124,1:23.688,1:23.334,84.124,83.688,6
6777,952,822,3,77,7,1:24.251,1:24.023,1:23.522,84.251,84.023,7
6778,952,832,5,55,8,1:24.496,1:24.077,1:23.643,84.496,84.077,10
6779,952,815,10,11,9,1:24.698,1:24.003,1:23.782,84.69800000000001,84.003,15
6780,952,4,1,14,10,1:24.578,1:24.192,1:23.981,84.578,84.19200000000001,11
6781,952,807,10,27,11,1:24.463,1:24.203,\N,84.463,84.203,9
6782,952,18,1,22,12,1:24.583,1:24.348,\N,84.583,84.348,12
6783,952,826,5,26,13,1:24.696,1:24.445,\N,84.696,84.445,14
6784,952,154,210,8,14,1:24.716,1:24.480,\N,84.71600000000001,84.48,16
6785,952,825,4,20,15,1:24.669,1:24.625,\N,84.669,84.625,13
6786,952,821,210,21,16,1:24.406,1:24.778,\N,84.406,84.77799999999999,8
6787,952,835,4,30,17,1:24.903,\N,\N,84.90299999999999,NA,17
6788,952,13,3,19,18,1:24.941,\N,\N,84.941,NA,18
6789,952,828,15,9,19,1:25.202,\N,\N,85.202,NA,19
6790,952,831,15,12,20,1:25.579,\N,\N,85.57900000000001,NA,20
6791,952,836,209,94,21,1:25.745,\N,\N,85.745,NA,21
6792,952,837,209,88,22,1:25.939,\N,\N,85.939,NA,22
6793,953,817,9,3,1,1:14.912,1:14.357,1:13.622,74.912,74.357,4
6794,953,3,131,6,2,1:14.873,1:14.043,1:13.791,74.873,74.043,3
6795,953,1,131,44,3,1:14.826,1:14.056,1:13.942,74.826,74.056,2
6796,953,20,6,5,4,1:14.610,1:14.318,1:14.552,74.61,74.318,1
6797,953,807,10,27,5,1:15.333,1:14.989,1:14.726,75.333,74.989,6
6798,953,8,6,7,6,1:15.499,1:14.789,1:14.732,75.499,74.789,10
6799,953,832,5,55,7,1:15.467,1:14.805,1:14.749,75.467,74.805,9
6800,953,815,10,11,8,1:15.328,1:14.937,1:14.902,75.328,74.937,5
6801,953,826,5,26,9,1:15.384,1:14.794,1:15.273,75.384,74.794,7
6802,953,4,1,14,10,1:15.504,1:15.107,1:15.363,75.504,75.107,11
6803,953,822,3,77,11,1:15.521,1:15.273,\N,75.521,75.273,12
6804,953,821,210,21,12,1:15.592,1:15.293,\N,75.592,75.293,14
6805,953,18,1,22,13,1:15.554,1:15.352,\N,75.554,75.352,13
6806,953,13,3,19,14,1:15.710,1:15.385,\N,75.71000000000001,75.385,15
6807,953,154,210,8,15,1:15.465,1:15.571,\N,75.465,75.571,8
6808,953,825,4,20,16,1:16.253,1:16.058,\N,76.253,76.05799999999999,16
6809,953,828,15,9,17,1:16.299,\N,\N,76.299,NA,17
6810,953,835,4,30,18,1:16.586,\N,\N,76.586,NA,18
6811,953,837,209,88,19,1:17.295,\N,\N,77.295,NA,19
6812,953,836,209,94,20,1:17.452,\N,\N,77.452,NA,20
6813,953,830,9,33,21,1:22.467,\N,\N,82.467,NA,21
6815,954,1,131,44,1,1:14.121,1:13.076,1:12.812,74.121,73.076,4
6816,954,3,131,6,2,1:13.714,1:13.094,1:12.874,73.714,73.094,1
6817,954,20,6,5,3,1:13.925,1:13.857,1:12.990,73.925,73.857,2
6818,954,817,9,3,4,1:14.030,1:13.540,1:13.166,74.03,73.53999999999999,3
6819,954,830,9,33,5,1:14.601,1:13.793,1:13.414,74.601,73.793,7
6820,954,8,6,7,6,1:14.477,1:13.849,1:13.579,74.477,73.849,6
6821,954,822,3,77,7,1:14.389,1:13.791,1:13.670,74.389,73.791,5
6822,954,13,3,19,8,1:14.815,1:13.864,1:13.769,74.815,73.864,12
6823,954,807,10,27,9,1:14.663,1:14.166,1:13.952,74.663,74.166,8
6824,954,4,1,14,10,1:15.026,1:14.260,1:14.338,75.026,74.26,14
6825,954,815,10,11,11,1:14.814,1:14.317,\N,74.814,74.31700000000001,11
6826,954,18,1,22,12,1:14.755,1:14.437,\N,74.755,74.437,10
6827,954,826,5,26,13,1:14.829,1:14.457,\N,74.82900000000001,74.457,13
6828,954,821,210,21,14,1:15.148,1:14.571,\N,75.148,74.571,15
6829,954,154,210,8,15,1:15.444,1:14.803,\N,75.444,74.803,16
6830,954,832,5,55,16,1:14.714,1:21.956,\N,74.714,81.956,9
6831,954,835,4,30,17,1:15.459,\N,\N,75.459,NA,17
6832,954,836,209,94,18,1:15.599,\N,\N,75.599,NA,18
6833,954,828,15,9,19,1:15.635,\N,\N,75.635,NA,19
6834,954,831,15,12,20,1:16.663,\N,\N,76.663,NA,20
6835,954,837,209,88,21,1:17.052,\N,\N,77.05199999999999,NA,21
6836,955,3,131,6,1,1:43.685,1:42.520,1:42.758,103.685,102.52000000000001,1
6837,955,815,10,11,2,1:44.462,1:43.939,1:43.515,104.462,103.939,3
6838,955,817,9,3,3,1:44.570,1:44.141,1:43.966,104.57,104.14099999999999,4
6839,955,20,6,5,4,1:45.062,1:44.461,1:43.966,105.062,104.461,11
6840,955,8,6,7,5,1:44.936,1:44.533,1:44.269,104.936,104.533,9
6841,955,13,3,19,6,1:45.494,1:44.696,1:44.483,105.494,104.696,13
6842,955,826,5,26,7,1:44.694,1:44.687,1:44.717,104.694,104.687,5
6843,955,822,3,77,8,1:44.706,1:44.477,1:45.246,104.706,104.477,6
6844,955,830,9,33,9,1:44.939,1:44.387,1:45.570,104.939,104.387,10
6845,955,1,131,44,10,1:44.259,1:43.526,2:01.954,104.259,103.52600000000001,2
6846,955,154,210,8,11,1:45.507,1:44.755,\N,105.507,104.755,14
6847,955,807,10,27,12,1:44.860,1:44.824,\N,104.86,104.824,8
6848,955,832,5,55,13,1:44.827,1:45.000,\N,104.827,105,7
6849,955,4,1,14,14,1:45.525,1:45.270,\N,105.525,105.27000000000001,15
6850,955,821,210,21,15,1:45.300,1:45.349,\N,105.3,105.34899999999999,12
6851,955,831,15,12,16,1:45.549,1:46.048,\N,105.549,106.048,16
6852,955,837,209,88,17,1:45.665,\N,\N,105.66499999999999,NA,17
6853,955,836,209,94,18,1:45.750,\N,\N,105.75,NA,18
6854,955,18,1,22,19,1:45.804,\N,\N,105.804,NA,19
6855,955,828,15,9,20,1:46.231,\N,\N,106.231,NA,20
6856,955,825,4,20,21,1:46.348,\N,\N,106.348,NA,21
6857,955,835,4,30,22,1:46.394,\N,\N,106.394,NA,22
6858,956,1,131,44,1,1:06.947,1:06.228,1:07.922,66.947,66.228,3
6859,956,3,131,6,2,1:06.516,1:06.403,1:08.465,66.516,66.403,1
6860,956,807,10,27,3,1:07.385,1:07.257,1:09.285,67.385,67.257,7
6861,956,20,6,5,4,1:06.761,1:06.602,1:09.781,66.761,66.602,2
6862,956,18,1,22,5,1:07.653,1:07.572,1:09.900,67.653,67.572,12
6863,956,8,6,7,6,1:07.240,1:06.940,1:09.901,67.24,66.94,6
6864,956,817,9,3,7,1:07.500,1:06.840,1:09.980,67.5,66.84,9
6865,956,822,3,77,8,1:07.148,1:06.911,1:10.440,67.148,66.911,5
6866,956,830,9,33,9,1:07.131,1:06.866,1:11.153,67.131,66.866,4
6867,956,13,3,19,10,1:07.419,1:07.145,1:11.977,67.419,67.145,8
6868,956,821,210,21,11,1:07.660,1:07.578,\N,67.66,67.578,14
6869,956,836,209,94,12,1:07.565,1:07.700,\N,67.565,67.7,10
6870,956,154,210,8,13,1:07.662,1:07.850,\N,67.662,67.85,15
6871,956,4,1,14,14,1:07.671,1:08.154,\N,67.671,68.154,16
6872,956,832,5,55,15,1:07.618,\N,\N,67.618,NA,11
6873,956,815,10,11,16,1:07.657,\N,\N,67.657,NA,13
6874,956,825,4,20,17,1:07.941,\N,\N,67.941,NA,17
6875,956,835,4,30,18,1:07.965,\N,\N,67.965,NA,18
6876,956,837,209,88,19,1:08.026,\N,\N,68.026,NA,19
6877,956,826,5,26,20,1:08.409,\N,\N,68.409,NA,20
6878,956,828,15,9,21,1:08.418,\N,\N,68.418,NA,21
6879,956,831,15,12,22,1:08.446,\N,\N,68.446,NA,22
6880,957,1,131,44,1,1:30.739,1:29.243,1:29.287,90.739,89.243,2
6881,957,3,131,6,2,1:30.724,1:29.970,1:29.606,90.724,89.97,1
6882,957,830,9,33,3,1:31.305,1:30.697,1:30.313,91.305,90.697,3
6883,957,817,9,3,4,1:31.684,1:31.319,1:30.618,91.684,91.319,6
6884,957,8,6,7,5,1:31.326,1:31.385,1:30.881,91.326,91.385,4
6885,957,20,6,5,6,1:31.606,1:30.711,1:31.490,91.606,90.711,5
6886,957,822,3,77,7,1:31.913,1:31.478,1:31.557,91.913,91.47800000000001,7
6887,957,832,5,55,8,1:32.115,1:31.708,1:31.989,92.11500000000001,91.708,8
6888,957,807,10,27,9,1:32.349,1:31.770,1:32.172,92.34899999999999,91.77,14
6889,957,4,1,14,10,1:32.281,1:31.740,1:32.343,92.281,91.74,11
6890,957,815,10,11,11,1:32.336,1:31.875,\N,92.336,91.875,13
6891,957,13,3,19,12,1:32.146,1:32.002,\N,92.146,92.00200000000001,9
6892,957,154,210,8,13,1:32.283,1:32.050,\N,92.283,92.05,12
6893,957,821,210,21,14,1:32.237,1:32.241,\N,92.237,92.241,10
6894,957,826,5,26,15,1:32.553,1:32.306,\N,92.553,92.306,15
6895,957,825,4,20,16,1:32.729,1:37.060,\N,92.729,97.06,16
6896,957,18,1,22,17,1:32.788,\N,\N,92.788,NA,17
6897,957,835,4,30,18,1:32.905,\N,\N,92.905,NA,18
6898,957,837,209,88,19,1:33.098,\N,\N,93.098,NA,19
6899,957,836,209,94,20,1:33.151,\N,\N,93.15100000000001,NA,20
6900,957,831,15,12,21,1:33.544,\N,\N,93.544,NA,21
6901,958,3,131,6,1,1:33.302,1:22.806,1:19.965,93.30199999999999,82.806,1
6902,958,1,131,44,2,1:34.210,1:24.836,1:20.108,94.21000000000001,84.836,2
6903,958,817,9,3,3,1:39.968,1:23.234,1:20.280,99.968,83.23400000000001,12
6904,958,830,9,33,4,1:40.424,1:22.660,1:20.557,100.424,82.66,13
6905,958,20,6,5,5,1:35.718,1:24.082,1:20.874,95.718,84.082,4
6906,958,832,5,55,6,1:36.115,1:24.734,1:21.131,96.11500000000001,84.73400000000001,6
6907,958,4,1,14,7,1:35.165,1:23.816,1:21.211,95.16499999999999,83.816,3
6908,958,18,1,22,8,1:37.983,1:24.456,1:21.597,97.983,84.456,10
6909,958,807,10,27,9,1:41.471,1:23.901,1:21.823,101.471,83.901,15
6910,958,822,3,77,10,1:42.758,1:24.506,1:22.182,102.75800000000001,84.506,16
6911,958,154,210,8,11,1:35.906,1:24.941,\N,95.906,84.941,5
6912,958,826,5,26,12,1:36.714,1:25.301,\N,96.714,85.301,7
6913,958,815,10,11,13,1:41.411,1:25.416,\N,101.411,85.416,14
6914,958,8,6,7,14,1:36.853,1:25.435,\N,96.85300000000001,85.435,8
6915,958,821,210,21,15,1:38.959,1:26.189,\N,98.959,86.189,11
6916,958,831,15,12,16,1:37.772,1:27.063,\N,97.77199999999999,87.063,9
6917,958,835,4,30,17,1:43.965,\N,\N,103.965,NA,17
6918,958,13,3,19,18,1:43.999,\N,\N,103.999,NA,18
6919,958,825,4,20,19,1:44.543,\N,\N,104.543,NA,19
6920,958,828,15,9,20,1:46.984,\N,\N,106.98400000000001,NA,20
6921,958,836,209,94,21,1:47.343,\N,\N,107.343,NA,21
6922,958,837,209,88,22,1:50.189,\N,\N,110.189,NA,22
6923,959,3,131,6,1,1:15.485,1:14.839,1:14.363,75.485,74.839,2
6924,959,1,131,44,2,1:15.243,1:14.748,1:14.470,75.243,74.748,1
6925,959,817,9,3,3,1:15.591,1:15.545,1:14.726,75.591,75.545,3
6926,959,830,9,33,4,1:15.875,1:15.124,1:14.834,75.875,75.124,5
6927,959,8,6,7,5,1:15.752,1:15.242,1:15.142,75.752,75.242,4
6928,959,20,6,5,6,1:15.927,1:15.630,1:15.315,75.92699999999999,75.63,6
6929,959,807,10,27,7,1:16.301,1:15.623,1:15.510,76.301,75.623,11
6930,959,822,3,77,8,1:15.952,1:15.490,1:15.530,75.952,75.49,7
6931,959,815,10,11,9,1:16.169,1:15.500,1:15.537,76.169,75.5,9
6932,959,13,3,19,10,1:16.503,1:15.699,1:15.615,76.503,75.699,15
6933,959,821,210,21,11,1:15.987,1:15.883,\N,75.987,75.883,8
6934,959,18,1,22,12,1:16.172,1:15.909,\N,76.172,75.909,10
6935,959,832,5,55,13,1:16.317,1:15.989,\N,76.31700000000001,75.989,12
6936,959,4,1,14,14,1:16.338,1:16.041,\N,76.338,76.041,14
6937,959,154,210,8,15,1:16.328,1:16.086,\N,76.328,76.086,13
6938,959,835,4,30,16,1:16.636,1:16.665,\N,76.636,76.66499999999999,16
6939,959,825,4,20,17,1:16.716,\N,\N,76.71600000000001,NA,17
6940,959,836,209,94,18,1:16.717,\N,\N,76.717,NA,18
6941,959,826,5,26,19,1:16.876,\N,\N,76.876,NA,19
6942,959,837,209,88,20,1:16.977,\N,\N,76.977,NA,20
6943,959,831,15,12,21,1:17.123,\N,\N,77.123,NA,21
6944,959,828,15,9,22,1:17.238,\N,\N,77.238,NA,22
6945,960,3,131,6,1,1:48.019,1:46.999,1:46.744,108.019,106.999,4
6946,960,830,9,33,2,1:48.407,1:47.163,1:46.893,108.407,107.163,7
6947,960,8,6,7,3,1:47.912,1:47.664,1:46.910,107.912,107.664,3
6948,960,20,6,5,4,1:47.802,1:47.944,1:47.108,107.80199999999999,107.944,2
6949,960,817,9,3,5,1:48.407,1:48.027,1:47.216,108.407,108.027,7
6950,960,815,10,11,6,1:48.106,1:47.485,1:47.407,108.106,107.485,6
6951,960,807,10,27,7,1:48.080,1:47.317,1:47.543,108.08,107.31700000000001,5
6952,960,822,3,77,8,1:48.655,1:47.918,1:47.612,108.655,107.918,10
6953,960,18,1,22,9,1:48.700,1:48.051,1:48.114,108.7,108.051,11
6954,960,13,3,19,10,1:47.738,1:47.667,1:48.263,107.738,107.667,1
6955,960,154,210,8,11,1:48.751,1:48.316,\N,108.751,108.316,13
6956,960,825,4,20,12,1:48.800,1:48.485,\N,108.8,108.485,14
6957,960,821,210,21,13,1:48.748,1:48.598,\N,108.74799999999999,108.598,12
6958,960,835,4,30,14,1:48.901,1:48.888,\N,108.90100000000001,108.888,16
6959,960,832,5,55,15,1:48.876,1:49.038,\N,108.876,109.038,15
6960,960,836,209,94,16,1:48.554,1:49.320,\N,108.554,109.32,9
6961,960,831,15,12,17,1:48.949,\N,\N,108.949,NA,17
6962,960,839,209,31,18,1:49.050,\N,\N,109.05,NA,18
6963,960,826,5,26,19,1:49.058,\N,\N,109.05799999999999,NA,19
6964,960,828,15,9,20,1:49.071,\N,\N,109.071,NA,20
6965,960,1,131,44,21,1:50.033,\N,\N,110.033,NA,21
6966,961,1,131,44,1,1:21.854,1:21.498,1:21.135,81.854,81.498,1
6967,961,3,131,6,2,1:22.497,1:21.809,1:21.613,82.497,81.809,2
6968,961,20,6,5,3,1:23.077,1:22.275,1:21.972,83.077,82.275,3
6969,961,8,6,7,4,1:23.217,1:22.568,1:22.065,83.217,82.568,5
6970,961,822,3,77,5,1:23.264,1:22.499,1:22.388,83.264,82.499,8
6971,961,817,9,3,6,1:23.158,1:22.638,1:22.389,83.158,82.638,4
6972,961,830,9,33,7,1:23.229,1:22.857,1:22.411,83.229,82.857,6
6973,961,815,10,11,8,1:23.439,1:22.922,1:22.814,83.439,82.922,11
6974,961,807,10,27,9,1:23.259,1:22.951,1:22.836,83.259,82.951,7
6975,961,821,210,21,10,1:23.386,1:22.856,1:23.184,83.386,82.856,9
6976,961,13,3,19,11,1:23.489,1:22.967,\N,83.489,82.967,12
6977,961,154,210,8,12,1:23.421,1:23.092,\N,83.42099999999999,83.092,10
6978,961,4,1,14,13,1:23.783,1:23.273,\N,83.783,83.273,16
6979,961,836,209,94,14,1:23.760,1:23.315,\N,83.76,83.315,15
6980,961,18,1,22,15,1:23.666,1:23.399,\N,83.666,83.399,14
6981,961,832,5,55,16,1:23.661,1:23.496,\N,83.661,83.496,13
6982,961,826,5,26,17,1:23.825,\N,\N,83.825,NA,17
6983,961,831,15,12,18,1:23.956,\N,\N,83.956,NA,18
6984,961,828,15,9,19,1:24.087,\N,\N,84.087,NA,19
6985,961,835,4,30,20,1:24.230,\N,\N,84.23,NA,20
6986,961,825,4,20,21,1:24.436,\N,\N,84.436,NA,21
6987,962,3,131,6,1,1:45.316,1:43.020,1:42.584,105.316,103.02000000000001,8
6988,962,817,9,3,2,1:44.255,1:43.933,1:43.115,104.255,103.93299999999999,1
6989,962,1,131,44,3,1:45.167,1:43.471,1:43.288,105.167,103.471,4
6990,962,830,9,33,4,1:45.036,1:44.112,1:43.328,105.036,104.112,3
6991,962,8,6,7,5,1:44.964,1:44.159,1:43.540,104.964,104.15899999999999,2
6992,962,832,5,55,6,1:45.499,1:44.493,1:44.197,105.499,104.493,11
6993,962,826,5,26,7,1:45.291,1:44.475,1:44.469,105.291,104.475,7
6994,962,807,10,27,8,1:46.081,1:44.737,1:44.479,106.081,104.737,14
6995,962,4,1,14,9,1:45.373,1:44.653,1:44.553,105.37299999999999,104.65299999999999,9
6996,962,815,10,11,10,1:45.204,1:44.703,1:44.582,105.20400000000001,104.703,5
6997,962,822,3,77,11,1:46.086,1:44.740,\N,106.086,104.74000000000001,15
6998,962,13,3,19,12,1:46.056,1:44.991,\N,106.056,104.991,13
6999,962,18,1,22,13,1:45.262,1:45.144,\N,105.262,105.144,6
7000,962,821,210,21,14,1:45.465,1:45.593,\N,105.465,105.593,10
7001,962,154,210,8,15,1:45.609,1:45.723,\N,105.60900000000001,105.723,12
7002,962,828,15,9,16,1:46.427,1:47.827,\N,106.42699999999999,107.827,16
7003,962,825,4,20,17,1:46.825,\N,\N,106.825,NA,17
7004,962,831,15,12,18,1:46.860,\N,\N,106.86,NA,18
7005,962,835,4,30,19,1:46.960,\N,\N,106.96000000000001,NA,19
7006,962,836,209,94,20,1:47.667,\N,\N,107.667,NA,20
7007,962,839,209,31,21,1:48.296,\N,\N,108.29599999999999,NA,21
7008,962,20,6,5,22,1:49.116,\N,\N,109.116,NA,22
7009,963,1,131,44,1,1:34.444,1:33.046,1:32.850,94.444,93.04599999999999,1
7010,963,3,131,6,2,1:34.460,1:33.609,1:33.264,94.46000000000001,93.60900000000001,2
7011,963,830,9,33,3,1:35.443,1:33.775,1:33.420,95.443,93.775,12
7012,963,817,9,3,4,1:35.079,1:33.888,1:33.467,95.07900000000001,93.888,7
7013,963,20,6,5,5,1:34.557,1:33.972,1:33.584,94.557,93.97200000000001,4
7014,963,8,6,7,6,1:34.556,1:33.903,1:33.632,94.556,93.90299999999999,3
7015,963,815,10,11,7,1:35.068,1:34.538,1:34.319,95.068,94.538,6
7016,963,807,10,27,8,1:34.827,1:34.441,1:34.489,94.827,94.441,5
7017,963,18,1,22,9,1:35.267,1:34.431,1:34.518,95.267,94.431,9
7018,963,13,3,19,10,1:35.267,1:34.422,1:34.671,95.267,94.422,9
7019,963,822,3,77,11,1:35.166,1:34.577,\N,95.166,94.577,8
7020,963,154,210,8,12,1:35.400,1:35.001,\N,95.4,95.001,11
7021,963,821,210,21,13,1:35.658,1:35.097,\N,95.658,95.09700000000001,15
7022,963,825,4,20,14,1:35.593,1:35.277,\N,95.593,95.277,13
7023,963,826,5,26,15,1:35.695,1:35.369,\N,95.695,95.369,16
7024,963,832,5,55,16,1:35.605,1:35.374,\N,95.60499999999999,95.374,14
7025,963,828,15,9,17,1:35.816,\N,\N,95.816,NA,17
7026,963,831,15,12,18,1:35.949,\N,\N,95.949,NA,18
7027,963,835,4,30,19,1:35.999,\N,\N,95.999,NA,19
7028,963,839,209,31,20,1:36.451,\N,\N,96.451,NA,20
7029,963,836,209,94,21,1:36.587,\N,\N,96.587,NA,21
7030,963,4,1,14,22,1:37.155,\N,\N,97.155,NA,22
7031,964,3,131,6,1,1:31.858,1:30.714,1:30.647,91.858,90.714,3
7032,964,1,131,44,2,1:32.218,1:31.129,1:30.660,92.218,91.129,4
7033,964,8,6,7,3,1:31.674,1:31.406,1:30.949,91.674,91.406,2
7034,964,20,6,5,4,1:31.659,1:31.227,1:31.028,91.65899999999999,91.227,1
7035,964,830,9,33,5,1:32.487,1:31.489,1:31.178,92.487,91.489,8
7036,964,817,9,3,6,1:32.538,1:31.719,1:31.240,92.538,91.719,9
7037,964,815,10,11,7,1:32.682,1:32.237,1:31.961,92.682,92.237,13
7038,964,154,210,8,8,1:32.458,1:32.176,1:31.961,92.458,92.176,7
7039,964,807,10,27,9,1:32.448,1:32.200,1:32.142,92.44800000000001,92.2,6
7040,964,821,210,21,10,1:32.620,1:32.155,1:32.547,92.62,92.155,11
7041,964,822,3,77,11,1:32.383,1:32.315,\N,92.38300000000001,92.315,5
7042,964,13,3,19,12,1:32.562,1:32.380,\N,92.562,92.38,10
7043,964,826,5,26,13,1:32.645,1:32.623,\N,92.64500000000001,92.62299999999999,12
7044,964,832,5,55,14,1:32.789,1:32.685,\N,92.789,92.685,14
7045,964,4,1,14,15,1:32.819,1:32.689,\N,92.819,92.689,16
7046,964,835,4,30,16,1:32.796,1:32.807,\N,92.79599999999999,92.807,15
7047,964,18,1,22,17,1:32.851,\N,\N,92.851,NA,17
7048,964,825,4,20,18,1:33.023,\N,\N,93.023,NA,18
7049,964,828,15,9,19,1:33.222,\N,\N,93.22200000000001,NA,19
7050,964,831,15,12,20,1:33.332,\N,\N,93.332,NA,20
7051,964,839,209,31,21,1:33.353,\N,\N,93.35300000000001,NA,21
7052,964,836,209,94,22,1:33.561,\N,\N,93.561,NA,22
7053,965,1,131,44,1,1:36.296,1:36.450,1:34.999,96.29599999999999,96.45,1
7054,965,3,131,6,2,1:36.397,1:36.351,1:35.215,96.39699999999999,96.351,2
7055,965,817,9,3,3,1:36.759,1:36.255,1:35.509,96.759,96.255,4
7056,965,830,9,33,4,1:36.613,1:36.857,1:35.747,96.613,96.857,3
7057,965,8,6,7,5,1:36.985,1:36.584,1:36.131,96.985,96.584,6
7058,965,20,6,5,6,1:37.151,1:36.462,1:36.358,97.15100000000001,96.462,7
7059,965,807,10,27,7,1:36.950,1:36.626,1:36.628,96.95,96.626,5
7060,965,822,3,77,8,1:37.456,1:37.202,1:37.116,97.456,97.202,10
7061,965,13,3,19,9,1:37.402,1:37.214,1:37.269,97.402,97.214,9
7062,965,832,5,55,10,1:37.744,1:37.175,1:37.326,97.744,97.175,11
7063,965,815,10,11,11,1:37.345,1:37.353,\N,97.345,97.35300000000001,8
7064,965,4,1,14,12,1:37.913,1:37.417,\N,97.913,97.417,13
7065,965,826,5,26,13,1:37.844,1:37.480,\N,97.844,97.47999999999999,12
7066,965,821,210,21,14,1:38.053,1:37.773,\N,98.053,97.773,15
7067,965,835,4,30,15,1:38.084,1:37.935,\N,98.084,97.935,16
7068,965,828,15,9,16,1:38.040,1:39.356,\N,98.03999999999999,99.356,14
7069,965,154,210,8,17,1:38.308,\N,\N,98.30799999999999,NA,17
7070,965,825,4,20,18,1:38.317,\N,\N,98.31700000000001,NA,18
7071,965,18,1,22,19,1:38.327,\N,\N,98.327,NA,19
7072,965,836,209,94,20,1:38.548,\N,\N,98.548,NA,20
7073,965,831,15,12,21,1:38.583,\N,\N,98.583,NA,21
7074,965,839,209,31,22,1:38.806,\N,\N,98.806,NA,22
7075,966,1,131,44,1,1:19.447,1:19.137,1:18.704,79.447,79.137,1
7076,966,3,131,6,2,1:19.996,1:19.761,1:18.958,79.996,79.761,6
7077,966,830,9,33,3,1:19.874,1:18.972,1:19.054,79.874,78.97200000000001,5
7078,966,817,9,3,4,1:19.713,1:19.553,1:19.133,79.713,79.553,3
7079,966,807,10,27,5,1:20.599,1:19.769,1:19.330,80.599,79.769,12
7080,966,8,6,7,6,1:19.554,1:19.936,1:19.376,79.554,79.936,2
7081,966,20,6,5,7,1:19.865,1:19.385,1:19.381,79.865,79.385,4
7082,966,822,3,77,8,1:20.338,1:19.958,1:19.551,80.338,79.958,8
7083,966,13,3,19,9,1:20.423,1:20.151,1:20.032,80.423,80.151,9
7084,966,832,5,55,10,1:20.457,1:20.169,1:20.378,80.457,80.169,10
7085,966,4,1,14,11,1:20.552,1:20.282,\N,80.55199999999999,80.282,11
7086,966,815,10,11,12,1:20.308,1:20.287,\N,80.30799999999999,80.287,7
7087,966,18,1,22,13,1:21.333,1:20.673,\N,81.333,80.673,15
7088,966,825,4,20,14,1:21.254,1:21.131,\N,81.254,81.131,14
7089,966,828,15,9,15,1:21.062,1:21.536,\N,81.062,81.536,13
7090,966,836,209,94,16,1:21.363,1:21.785,\N,81.363,81.785,16
7091,966,821,210,21,17,1:21.401,\N,\N,81.401,NA,17
7092,966,826,5,26,18,1:21.454,\N,\N,81.45400000000001,NA,18
7093,966,831,15,12,19,1:21.692,\N,\N,81.69200000000001,NA,19
7094,966,839,209,31,20,1:21.881,\N,\N,81.881,NA,20
7095,966,154,210,8,21,1:21.916,\N,\N,81.916,NA,21
7096,967,1,131,44,1,1:11.511,1:11.238,1:10.736,71.511,71.238,1
7097,967,3,131,6,2,1:11.815,1:11.373,1:10.838,71.815,71.373,2
7098,967,8,6,7,3,1:12.100,1:12.301,1:11.404,72.1,72.301,4
7099,967,830,9,33,4,1:11.957,1:11.834,1:11.485,71.957,71.834,3
7100,967,20,6,5,5,1:12.159,1:12.010,1:11.495,72.159,72.01,5
7101,967,817,9,3,6,1:12.409,1:12.047,1:11.540,72.409,72.047,6
7102,967,154,210,8,7,1:12.893,1:12.343,1:11.937,72.893,72.343,12
7103,967,807,10,27,8,1:12.428,1:12.360,1:12.104,72.428,72.36,7
7104,967,815,10,11,9,1:12.684,1:12.331,1:12.165,72.684,72.331,10
7105,967,4,1,14,10,1:12.700,1:12.312,1:12.266,72.7,72.312,11
7106,967,822,3,77,11,1:12.680,1:12.420,\N,72.68,72.42,9
7107,967,821,210,21,12,1:13.052,1:12.431,\N,73.05199999999999,72.431,14
7108,967,13,3,19,13,1:12.432,1:12.521,\N,72.432,72.521,8
7109,967,826,5,26,14,1:13.071,1:12.726,\N,73.071,72.726,15
7110,967,832,5,55,15,1:12.950,1:12.920,\N,72.95,72.92,13
7111,967,835,4,30,16,1:13.259,1:13.258,\N,73.259,73.258,16
7112,967,18,1,22,17,1:13.276,\N,\N,73.276,NA,17
7113,967,825,4,20,18,1:13.410,\N,\N,73.41,NA,18
7114,967,836,209,94,19,1:13.427,\N,\N,73.42699999999999,NA,19
7115,967,839,209,31,20,1:13.432,\N,\N,73.432,NA,20
7116,967,828,15,9,21,1:13.623,\N,\N,73.623,NA,21
7117,967,831,15,12,22,1:13.681,\N,\N,73.681,NA,22
7118,968,1,131,44,1,1:39.487,1:39.382,1:38.755,99.487,99.382,1
7119,968,3,131,6,2,1:40.511,1:39.490,1:39.058,100.511,99.49000000000001,5
7120,968,817,9,3,3,1:41.002,1:40.429,1:39.589,101.00200000000001,100.429,8
7121,968,8,6,7,4,1:40.338,1:39.629,1:39.604,100.338,99.62899999999999,2
7122,968,20,6,5,5,1:40.341,1:40.034,1:39.661,100.34100000000001,100.03399999999999,3
7123,968,830,9,33,6,1:40.424,1:39.903,1:39.818,100.424,99.90299999999999,4
7124,968,807,10,27,7,1:41.000,1:40.709,1:40.501,101,100.709,7
7125,968,815,10,11,8,1:40.864,1:40.743,1:40.519,100.864,100.743,6
7126,968,4,1,14,9,1:41.616,1:41.044,1:41.106,101.616,101.044,13
7127,968,13,3,19,10,1:41.157,1:40.858,1:41.213,101.157,100.858,9
7128,968,822,3,77,11,1:41.192,1:41.084,\N,101.19200000000001,101.084,11
7129,968,18,1,22,12,1:41.158,1:41.272,\N,101.158,101.27199999999999,10
7130,968,821,210,21,13,1:41.639,1:41.480,\N,101.63900000000001,101.47999999999999,14
7131,968,154,210,8,14,1:41.467,1:41.564,\N,101.467,101.564,12
7132,968,835,4,30,15,1:41.775,1:41.820,\N,101.775,101.82,15
7133,968,836,209,94,16,1:41.886,1:41.995,\N,101.886,101.995,16
7134,968,826,5,26,17,1:42.003,\N,\N,102.003,NA,17
7135,968,825,4,20,18,1:42.142,\N,\N,102.142,NA,18
7136,968,831,15,12,19,1:42.247,\N,\N,102.247,NA,19
7137,968,839,209,31,20,1:42.286,\N,\N,102.286,NA,20
7138,968,832,5,55,21,1:42.393,\N,\N,102.393,NA,21
7139,968,828,15,9,22,1:42.637,\N,\N,102.637,NA,22
7140,969,1,131,44,1,1:24.191,1:23.251,1:22.188,84.191,83.251,1
7141,969,20,6,5,2,1:25.210,1:23.401,1:22.456,85.21000000000001,83.401,8
7142,969,822,131,77,3,1:24.514,1:23.215,1:22.481,84.514,83.215,4
7143,969,8,6,7,4,1:24.352,1:23.376,1:23.033,84.352,83.376,2
7144,969,830,9,33,5,1:24.482,1:24.092,1:23.485,84.482,84.092,3
7145,969,154,210,8,6,1:25.419,1:24.718,1:24.074,85.419,84.718,10
7146,969,13,3,19,7,1:25.099,1:24.597,1:24.443,85.099,84.59700000000001,7
7147,969,832,5,55,8,1:25.542,1:24.997,1:24.487,85.542,84.997,11
7148,969,826,5,26,9,1:25.970,1:24.864,1:24.512,85.97,84.864,13
7149,969,817,9,3,10,1:25.383,1:23.989,\N,85.383,83.989,9
7150,969,815,10,11,11,1:25.064,1:25.081,\N,85.064,85.081,6
7151,969,807,4,27,12,1:24.975,1:25.091,\N,84.975,85.09100000000001,5
7152,969,4,1,14,13,1:25.872,1:25.425,\N,85.872,85.425,12
7153,969,839,10,31,14,1:26.009,1:25.568,\N,86.009,85.568,14
7154,969,828,15,9,15,1:26.236,1:26.465,\N,86.236,86.465,15
7155,969,841,15,36,16,1:26.419,\N,\N,86.419,NA,16
7156,969,825,210,20,17,1:26.847,\N,\N,86.84700000000001,NA,17
7157,969,838,1,2,18,1:26.858,\N,\N,86.858,NA,18
7158,969,840,3,18,19,1:27.143,\N,\N,87.143,NA,19
7159,969,835,4,30,20,1:28.244,\N,\N,88.244,NA,20
7160,970,1,131,44,1,1:33.333,1:32.406,1:31.678,93.333,92.406,2
7161,970,20,6,5,2,1:33.078,1:32.391,1:31.864,93.078,92.39099999999999,1
7162,970,822,131,77,3,1:33.684,1:32.552,1:31.865,93.684,92.55199999999999,4
7163,970,8,6,7,4,1:33.341,1:32.181,1:32.140,93.34100000000001,92.181,3
7164,970,817,9,3,5,1:34.041,1:33.546,1:33.033,94.041,93.54599999999999,6
7165,970,13,3,19,6,1:34.205,1:33.759,1:33.507,94.205,93.759,7
7166,970,807,4,27,7,1:34.453,1:33.636,1:33.580,94.453,93.636,9
7167,970,815,10,11,8,1:34.657,1:33.920,1:33.706,94.657,93.92,12
7168,970,826,5,26,9,1:34.440,1:34.034,1:33.719,94.44,94.03399999999999,8
7169,970,840,3,18,10,1:33.986,1:34.090,1:34.220,93.98599999999999,94.09,5
7170,970,832,5,55,11,1:34.567,1:34.150,\N,94.56700000000001,94.15,11
7171,970,825,210,20,12,1:34.942,1:34.164,\N,94.94200000000001,94.164,14
7172,970,4,1,14,13,1:34.499,1:34.372,\N,94.499,94.372,10
7173,970,828,15,9,14,1:34.892,1:35.046,\N,94.892,95.04599999999999,13
7174,970,841,15,36,15,1:34.963,\N,\N,94.963,NA,15
7175,970,838,1,2,16,1:35.023,\N,\N,95.023,NA,16
7176,970,154,210,8,17,1:35.223,\N,\N,95.223,NA,17
7177,970,835,4,30,18,1:35.279,\N,\N,95.279,NA,18
7178,970,830,9,33,19,1:35.433,\N,\N,95.43299999999999,NA,19
7179,970,839,10,31,20,1:35.496,\N,\N,95.49600000000001,NA,20
7180,971,822,131,77,1,1:31.041,1:29.555,1:28.769,91.041,89.555,5
7181,971,1,131,44,2,1:30.814,1:29.535,1:28.792,90.814,89.535,1
7182,971,20,6,5,3,1:31.037,1:29.596,1:29.247,91.037,89.596,4
7183,971,817,9,3,4,1:31.667,1:30.497,1:29.545,91.667,90.497,10
7184,971,8,6,7,5,1:30.988,1:29.843,1:29.567,90.988,89.843,3
7185,971,830,9,33,6,1:30.904,1:30.307,1:29.687,90.904,90.307,2
7186,971,807,4,27,7,1:31.057,1:30.169,1:29.842,91.057,90.169,6
7187,971,13,3,19,8,1:31.373,1:30.677,1:30.074,91.373,90.67699999999999,7
7188,971,154,210,8,9,1:31.691,1:30.857,1:30.763,91.691,90.857,11
7189,971,835,4,30,10,1:31.458,1:30.899,1:31.074,91.458,90.899,8
7190,971,826,5,26,11,1:31.531,1:30.923,\N,91.531,90.923,9
7191,971,840,3,18,12,1:31.748,1:31.168,\N,91.748,91.168,12
7192,971,836,15,94,13,1:31.995,1:31.414,\N,91.995,91.414,14
7193,971,839,10,31,14,1:31.774,1:31.684,\N,91.774,91.684,13
7194,971,4,1,14,15,1:32.054,\N,\N,92.054,NA,15
7195,971,832,5,55,16,1:32.118,\N,\N,92.118,NA,16
7196,971,838,1,2,17,1:32.313,\N,\N,92.313,NA,17
7197,971,815,10,11,18,1:32.318,\N,\N,92.318,NA,18
7198,971,828,15,9,19,1:32.543,\N,\N,92.543,NA,19
7199,971,825,210,20,20,1:32.900,\N,\N,92.9,NA,20
7200,972,20,6,5,1,1:34.493,1:34.038,1:33.194,94.493,94.038,3
7201,972,8,6,7,2,1:34.953,1:33.663,1:33.253,94.953,93.663,4
7202,972,822,131,77,3,1:34.041,1:33.264,1:33.289,94.041,93.26400000000001,1
7203,972,1,131,44,4,1:34.409,1:33.760,1:33.767,94.40899999999999,93.75999999999999,2
7204,972,817,9,3,5,1:35.560,1:35.483,1:34.905,95.56,95.483,8
7205,972,13,3,19,6,1:35.828,1:35.049,1:35.110,95.828,95.049,10
7206,972,830,9,33,7,1:35.301,1:35.221,1:35.161,95.301,95.221,5
7207,972,807,4,27,8,1:35.507,1:35.328,1:35.285,95.507,95.328,7
7208,972,815,10,11,9,1:36.185,1:35.513,1:35.337,96.185,95.513,12
7209,972,839,10,31,10,1:35.372,1:35.729,1:35.430,95.372,95.729,6
7210,972,832,5,55,11,1:35.827,1:35.948,\N,95.827,95.94800000000001,9
7211,972,840,3,18,12,1:36.279,1:35.964,\N,96.279,95.964,13
7212,972,826,5,26,13,1:35.984,1:35.968,\N,95.98400000000001,95.968,11
7213,972,825,210,20,14,1:36.408,1:36.017,\N,96.408,96.017,15
7214,972,4,1,14,15,1:36.353,1:36.660,\N,96.35300000000001,96.66,14
7215,972,835,4,30,16,1:36.462,\N,\N,96.462,NA,16
7216,972,838,1,2,17,1:37.070,\N,\N,97.07,NA,17
7217,972,836,15,94,18,1:37.332,\N,\N,97.332,NA,18
7218,972,828,15,9,19,1:37.507,\N,\N,97.507,NA,19
7219,972,154,210,8,20,1:37.620,\N,\N,97.62,NA,20
7220,973,1,131,44,1,1:20.511,1:20.210,1:19.149,80.511,80.21000000000001,1
7221,973,20,6,5,2,1:20.939,1:20.295,1:19.200,80.939,80.295,3
7222,973,822,131,77,3,1:20.991,1:20.300,1:19.373,80.991,80.3,4
7223,973,8,6,7,4,1:20.742,1:20.621,1:19.439,80.742,80.621,2
7224,973,830,9,33,5,1:21.430,1:20.722,1:19.706,81.43,80.72200000000001,5
7225,973,817,9,3,6,1:21.704,1:20.855,1:20.175,81.70400000000001,80.855,6
7226,973,4,1,14,7,1:22.015,1:21.251,1:21.048,82.015,81.251,12
7227,973,815,10,11,8,1:21.998,1:21.239,1:21.070,81.998,81.239,11
7228,973,13,3,19,9,1:22.138,1:21.222,1:21.232,82.138,81.22200000000001,14
7229,973,839,10,31,10,1:21.901,1:21.148,1:21.272,81.901,81.148,8
7230,973,825,210,20,11,1:21.945,1:21.329,\N,81.945,81.32900000000001,10
7231,973,832,5,55,12,1:21.941,1:21.371,\N,81.941,81.371,9
7232,973,807,4,27,13,1:22.091,1:21.397,\N,82.09100000000001,81.39699999999999,13
7233,973,154,210,8,14,1:21.822,1:21.517,\N,81.822,81.517,7
7234,973,836,15,94,15,1:22.327,1:21.803,\N,82.327,81.803,15
7235,973,828,15,9,16,1:22.332,\N,\N,82.332,NA,16
7236,973,835,4,30,17,1:22.401,\N,\N,82.401,NA,17
7237,973,840,3,18,18,1:22.411,\N,\N,82.411,NA,18
7238,973,838,1,2,19,1:22.532,\N,\N,82.532,NA,19
7239,973,826,5,26,20,1:22.746,\N,\N,82.746,NA,20
7240,974,8,6,7,1,1:13.117,1:12.231,1:12.178,73.117,72.231,3
7241,974,20,6,5,2,1:13.090,1:12.449,1:12.221,73.09,72.449,2
7242,974,822,131,77,3,1:13.325,1:12.901,1:12.223,73.325,72.901,5
7243,974,830,9,33,4,1:13.078,1:12.697,1:12.496,73.078,72.697,1
7244,974,817,9,3,5,1:13.219,1:13.011,1:12.998,73.219,73.011,4
7245,974,832,5,55,6,1:13.526,1:13.397,1:13.162,73.526,73.397,7
7246,974,815,10,11,7,1:13.530,1:13.430,1:13.329,73.53,73.43,8
7247,974,154,210,8,8,1:13.786,1:13.203,1:13.349,73.786,73.203,12
7248,974,18,1,22,9,1:13.723,1:13.453,1:13.613,73.723,73.453,11
7249,974,838,1,2,10,1:13.476,1:13.249,\N,73.476,73.249,6
7250,974,826,5,26,11,1:13.899,1:13.516,\N,73.899,73.516,15
7251,974,807,4,27,12,1:13.787,1:13.628,\N,73.787,73.628,13
7252,974,825,210,20,13,1:13.531,1:13.959,\N,73.531,73.959,9
7253,974,1,131,44,14,1:13.640,1:14.106,\N,73.64,74.106,10
7254,974,13,3,19,15,1:13.796,1:20.529,\N,73.79599999999999,80.529,14
7255,974,839,10,31,16,1:14.101,\N,\N,74.101,NA,16
7256,974,835,4,30,17,1:14.696,\N,\N,74.696,NA,17
7257,974,840,3,18,18,1:14.893,\N,\N,74.893,NA,18
7258,974,836,15,94,19,1:15.159,\N,\N,75.159,NA,19
7259,974,828,15,9,20,1:15.276,\N,\N,75.276,NA,20
7260,975,1,131,44,1,1:12.692,1:12.496,1:11.459,72.69200000000001,72.496,2
7261,975,20,6,5,2,1:13.046,1:12.749,1:11.789,73.04599999999999,72.749,3
7262,975,822,131,77,3,1:12.685,1:12.563,1:12.177,72.685,72.563,1
7263,975,8,6,7,4,1:13.548,1:12.580,1:12.252,73.548,72.58,9
7264,975,830,9,33,5,1:13.177,1:12.751,1:12.403,73.17699999999999,72.751,4
7265,975,817,9,3,6,1:13.543,1:12.810,1:12.557,73.543,72.81,8
7266,975,13,3,19,7,1:13.435,1:13.012,1:12.858,73.435,73.012,5
7267,975,815,10,11,8,1:13.470,1:13.262,1:13.018,73.47,73.262,6
7268,975,839,10,31,9,1:13.520,1:13.320,1:13.135,73.52,73.32,7
7269,975,807,4,27,10,1:13.804,1:13.406,1:13.271,73.804,73.406,13
7270,975,826,5,26,11,1:13.802,1:13.690,\N,73.80199999999999,73.69,12
7271,975,4,1,14,12,1:13.669,1:13.693,\N,73.669,73.693,10
7272,975,832,5,55,13,1:14.051,1:13.756,\N,74.051,73.756,15
7273,975,154,210,8,14,1:13.780,1:13.839,\N,73.78,73.839,11
7274,975,835,4,30,15,1:13.990,1:14.293,\N,73.99,74.293,14
7275,975,838,1,2,16,1:14.182,\N,\N,74.182,NA,16
7276,975,840,3,18,17,1:14.209,\N,\N,74.209,NA,17
7277,975,825,210,20,18,1:14.318,\N,\N,74.318,NA,18
7278,975,828,15,9,19,1:14.495,\N,\N,74.495,NA,19
7279,975,836,15,94,20,1:14.810,\N,\N,74.81,NA,20
7280,976,1,131,44,1,1:41.983,1:41.275,1:40.593,101.983,101.275,1
7281,976,822,131,77,2,1:43.026,1:41.502,1:41.027,103.02600000000001,101.50200000000001,7
7282,976,8,6,7,3,1:42.678,1:42.090,1:41.693,102.678,102.09,3
7283,976,20,6,5,4,1:42.952,1:41.911,1:41.841,102.952,101.911,6
7284,976,830,9,33,5,1:42.544,1:41.961,1:41.879,102.544,101.961,2
7285,976,815,10,11,6,1:43.162,1:42.467,1:42.111,103.162,102.467,9
7286,976,839,10,31,7,1:43.051,1:42.751,1:42.186,103.051,102.751,8
7287,976,840,3,18,8,1:43.613,1:42.284,1:42.753,103.613,102.28399999999999,12
7288,976,13,3,19,9,1:43.165,1:42.735,1:42.798,103.16499999999999,102.735,10
7289,976,817,9,3,10,1:42.857,1:42.215,1:43.414,102.857,102.215,4
7290,976,826,5,26,11,1:42.927,1:43.186,\N,102.92699999999999,103.186,5
7291,976,832,5,55,12,1:43.489,1:43.347,\N,103.489,103.34700000000001,11
7292,976,825,210,20,13,1:44.029,1:43.796,\N,104.029,103.79599999999999,14
7293,976,807,4,27,14,1:43.930,1:44.267,\N,103.93,104.267,13
7294,976,836,15,94,15,1:44.317,1:44.603,\N,104.31700000000001,104.60300000000001,15
7295,976,4,1,14,16,1:44.334,\N,\N,104.334,NA,16
7296,976,154,210,8,17,1:44.468,\N,\N,104.468,NA,17
7297,976,828,15,9,18,1:44.795,\N,\N,104.795,NA,18
7298,976,838,1,2,19,1:45.030,\N,\N,105.03,NA,19
7300,977,822,131,77,1,1:05.760,1:04.316,1:04.251,65.76,64.316,5
7301,977,20,6,5,2,1:05.585,1:04.772,1:04.293,65.585,64.772,3
7302,977,1,131,44,3,1:05.064,1:04.800,1:04.424,65.064,64.8,1
7303,977,8,6,7,4,1:05.148,1:05.004,1:04.779,65.148,65.004,2
7304,977,817,9,3,5,1:05.854,1:05.161,1:04.896,65.854,65.161,7
7305,977,830,9,33,6,1:05.779,1:04.948,1:04.983,65.779,64.94800000000001,6
7306,977,154,210,8,7,1:05.902,1:05.319,1:05.480,65.902,65.319,8
7307,977,815,10,11,8,1:05.975,1:05.435,1:05.605,65.975,65.435,9
7308,977,839,10,31,9,1:06.033,1:05.550,1:05.674,66.033,65.55,11
7309,977,832,5,55,10,1:05.675,1:05.544,1:05.726,65.675,65.544,4
7310,977,807,4,27,11,1:06.174,1:05.597,\N,66.174,65.597,14
7311,977,4,1,14,12,1:06.158,1:05.602,\N,66.158,65.602,13
7312,977,838,1,2,13,1:06.316,1:05.741,\N,66.316,65.741,15
7313,977,826,5,26,14,1:05.990,1:05.884,\N,65.99,65.884,10
7314,977,825,210,20,15,1:06.143,\N,\N,66.143,NA,12
7315,977,835,4,30,16,1:06.345,\N,\N,66.345,NA,16
7316,977,13,3,19,17,1:06.534,\N,\N,66.534,NA,17
7317,977,840,3,18,18,1:06.608,\N,\N,66.608,NA,18
7318,977,828,15,9,19,1:06.857,\N,\N,66.857,NA,19
7319,977,836,15,94,20,1:07.011,\N,\N,67.011,NA,20
7320,978,1,131,44,1,1:39.069,1:27.893,1:26.600,99.069,87.893,3
7321,978,8,6,7,2,1:40.455,1:28.992,1:27.147,100.455,88.992,9
7322,978,20,6,5,3,1:39.962,1:28.978,1:27.356,99.962,88.97800000000001,7
7323,978,822,131,77,4,1:39.698,1:28.732,1:27.376,99.69800000000001,88.732,5
7324,978,830,9,33,5,1:38.912,1:29.431,1:28.130,98.912,89.431,2
7325,978,807,4,27,6,1:39.201,1:29.340,1:28.856,99.201,89.34,4
7326,978,815,10,11,7,1:42.009,1:29.824,1:28.902,102.009,89.824,14
7327,978,839,10,31,8,1:39.738,1:29.701,1:29.074,99.738,89.701,6
7328,978,838,1,2,9,1:40.011,1:30.105,1:29.418,100.011,90.105,8
7329,978,154,210,8,10,1:42.042,1:29.966,1:29.549,102.042,89.96600000000001,15
7330,978,835,4,30,11,1:41.404,1:30.193,\N,101.404,90.193,11
7331,978,826,5,26,12,1:41.726,1:30.355,\N,101.726,90.355,12
7332,978,4,1,14,13,1:37.598,1:30.600,\N,97.598,90.6,1
7333,978,832,5,55,14,1:41.114,1:31.368,\N,101.114,91.368,10
7334,978,13,3,19,15,1:41.874,1:31.482,\N,101.874,91.482,13
7335,978,840,3,18,16,1:42.573,\N,\N,102.57300000000001,NA,16
7336,978,825,210,20,17,1:42.577,\N,\N,102.577,NA,17
7337,978,836,15,94,18,1:42.593,\N,\N,102.593,NA,18
7338,978,828,15,9,19,1:42.633,\N,\N,102.63300000000001,NA,19
7339,978,817,9,3,20,1:42.966,\N,\N,102.96600000000001,NA,20
7340,979,20,6,5,1,1:17.244,1:16.802,1:16.276,77.244,76.80199999999999,1
7341,979,8,6,7,2,1:17.364,1:17.207,1:16.444,77.364,77.207,3
7342,979,822,131,77,3,1:18.058,1:17.362,1:16.530,78.05799999999999,77.362,6
7343,979,1,131,44,4,1:17.492,1:16.693,1:16.707,77.492,76.693,4
7344,979,830,9,33,5,1:17.266,1:17.028,1:16.797,77.26599999999999,77.02799999999999,2
7345,979,817,9,3,6,1:17.702,1:17.698,1:16.818,77.702,77.69800000000001,5
7346,979,807,4,27,7,1:18.137,1:17.655,1:17.468,78.137,77.655,7
7347,979,4,1,14,8,1:18.395,1:17.919,1:17.549,78.395,77.919,8
7348,979,838,1,2,9,1:18.479,1:18.000,1:17.894,78.479,78,9
7349,979,832,5,55,10,1:18.948,1:18.311,1:18.912,78.94800000000001,78.311,13
7350,979,835,4,30,11,1:18.699,1:18.415,\N,78.699,78.41499999999999,10
7351,979,839,10,31,12,1:18.843,1:18.495,\N,78.843,78.495,12
7352,979,826,5,26,13,1:18.702,1:18.538,\N,78.702,78.538,11
7353,979,815,10,11,14,1:19.095,1:18.639,\N,79.095,78.639,15
7354,979,154,210,8,15,1:19.085,1:18.771,\N,79.08500000000001,78.771,14
7355,979,825,210,20,16,1:19.095,\N,\N,79.095,NA,15
7356,979,840,3,18,17,1:19.102,\N,\N,79.102,NA,17
7357,979,836,15,94,18,1:19.839,\N,\N,79.839,NA,18
7358,979,814,3,40,19,1:19.868,\N,\N,79.868,NA,19
7359,979,828,15,9,20,1:19.972,\N,\N,79.97200000000001,NA,20
7360,980,1,131,44,1,1:44.184,1:42.927,1:42.553,104.184,102.92699999999999,1
7361,980,20,6,5,2,1:44.275,1:43.987,1:42.795,104.275,103.987,2
7362,980,822,131,77,3,1:44.773,1:43.249,1:43.094,104.773,103.249,5
7363,980,8,6,7,4,1:44.729,1:43.700,1:43.270,104.729,103.7,4
7364,980,830,9,33,5,1:44.535,1:43.940,1:43.380,104.535,103.94,3
7365,980,817,9,3,6,1:45.114,1:44.224,1:43.863,105.114,104.22399999999999,6
7366,980,807,4,27,7,1:45.280,1:44.988,1:44.982,105.28,104.988,8
7367,980,815,10,11,8,1:45.591,1:44.894,1:45.244,105.59100000000001,104.894,13
7368,980,839,10,31,9,1:45.277,1:45.006,1:45.369,105.277,105.006,7
7369,980,835,4,30,10,1:45.447,1:44.685,\N,105.447,104.685,11
7370,980,4,1,14,11,1:45.668,1:45.090,\N,105.668,105.09,14
7371,980,154,210,8,12,1:45.728,1:45.133,\N,105.72800000000001,105.13300000000001,15
7372,980,825,210,20,13,1:45.535,1:45.400,\N,105.535,105.4,12
7373,980,832,5,55,14,1:45.374,1:45.439,\N,105.374,105.439,9
7374,980,838,1,2,15,1:45.441,\N,\N,105.441,NA,10
7375,980,13,3,19,16,1:45.823,\N,\N,105.82300000000001,NA,16
7376,980,826,5,26,17,1:46.028,\N,\N,106.02799999999999,NA,17
7377,980,840,3,18,18,1:46.915,\N,\N,106.91499999999999,NA,18
7378,980,828,15,9,19,1:47.214,\N,\N,107.214,NA,19
7379,980,836,15,94,20,1:47.679,\N,\N,107.679,NA,20
7380,981,1,131,44,1,1:36.009,1:34.660,1:35.554,96.009,94.66,2
7381,981,830,9,33,2,1:37.344,1:36.113,1:36.702,97.344,96.113,4
7382,981,817,9,3,3,1:38.304,1:37.313,1:36.841,98.304,97.313,7
7383,981,840,3,18,4,1:37.653,1:37.002,1:37.032,97.65299999999999,97.00200000000001,5
7384,981,839,10,31,5,1:38.775,1:37.580,1:37.719,98.775,97.58,11
7385,981,822,131,77,6,1:35.716,1:35.396,1:37.833,95.71600000000001,95.396,1
7386,981,8,6,7,7,1:38.235,1:37.031,1:37.987,98.235,97.031,6
7387,981,20,6,5,8,1:37.198,1:36.223,1:38.064,97.19800000000001,96.223,3
7388,981,13,3,19,9,1:38.338,1:37.456,1:38.251,98.338,97.456,8
7389,981,838,1,2,10,1:38.767,1:37.471,1:39.157,98.767,97.471,10
7390,981,815,10,11,11,1:38.511,1:37.582,NA,98.511,97.582,9
7391,981,807,4,27,12,1:39.242,1:38.059,NA,99.24199999999999,98.059,14
7392,981,4,1,14,13,1:39.134,1:38.202,NA,99.134,98.202,12
7393,981,826,5,26,14,1:39.183,1:38.245,NA,99.18299999999999,98.245,13
7394,981,832,5,55,15,1:39.788,1:38.526,NA,99.788,98.52600000000001,15
7395,981,825,210,20,16,1:40.489,NA,NA,100.489,NA,16
7396,981,835,4,30,17,1:40.646,NA,NA,100.646,NA,17
7397,981,828,15,9,18,1:41.732,NA,NA,101.732,NA,18
7398,981,836,15,94,19,1:41.875,NA,NA,101.875,NA,19
7399,981,154,210,8,20,1:43.355,\N,\N,103.35499999999999,NA,20
7400,982,20,6,5,1,1:43.336,1:40.529,1:39.491,103.336,100.529,12
7401,982,830,9,33,2,1:42.010,1:40.332,1:39.814,102.00999999999999,100.332,1
7402,982,817,9,3,3,1:42.063,1:40.385,1:39.840,102.063,100.38499999999999,2
7403,982,8,6,7,4,1:43.328,1:40.525,1:40.069,103.328,100.525,11
7404,982,1,131,44,5,1:42.455,1:40.577,1:40.126,102.455,100.577,6
7405,982,822,131,77,6,1:43.137,1:41.409,1:40.810,103.137,101.40899999999999,10
7406,982,807,4,27,7,1:42.586,1:41.277,1:41.013,102.586,101.277,9
7407,982,4,1,14,8,1:42.086,1:41.442,1:41.179,102.086,101.44200000000001,3
7408,982,838,1,2,9,1:42.222,1:41.227,1:41.398,102.22200000000001,101.227,5
7409,982,832,5,55,10,1:42.176,1:41.826,1:42.056,102.176,101.826,4
7410,982,835,4,30,11,1:42.472,1:42.107,\N,102.47200000000001,102.107,7
7411,982,815,10,11,12,1:43.594,1:42.246,\N,103.594,102.24600000000001,13
7412,982,826,5,26,13,1:42.544,1:42.338,\N,102.544,102.338,8
7413,982,839,10,31,14,1:43.626,1:42.760,\N,103.626,102.75999999999999,14
7414,982,154,210,8,15,1:43.627,1:43.883,\N,103.62700000000001,103.88300000000001,15
7415,982,825,210,20,16,1:43.756,\N,\N,103.756,NA,16
7416,982,13,3,19,17,1:44.014,\N,\N,104.01400000000001,NA,17
7417,982,840,3,18,18,1:44.728,\N,\N,104.72800000000001,NA,18
7418,982,836,15,94,19,1:45.059,\N,\N,105.059,NA,19
7419,982,828,15,9,20,1:45.570,\N,\N,105.57,NA,20
7420,983,1,131,44,1,1:31.605,1:30.977,1:30.076,91.605,90.977,1
7421,983,8,6,7,2,1:32.259,1:30.926,1:30.121,92.259,90.926,4
7422,983,830,9,33,3,1:31.920,1:30.931,1:30.541,91.92,90.931,2
7423,983,817,9,3,4,1:32.416,1:31.061,1:30.595,92.416,91.061,6
7425,983,839,10,31,6,1:32.527,1:31.651,1:31.478,92.527,91.651,7
7426,983,838,1,2,7,1:32.838,1:31.848,1:31.582,92.838,91.848,13
7427,983,807,4,27,8,1:32.586,1:31.778,1:31.607,92.586,91.77799999999999,10
7428,983,815,10,11,9,1:32.768,1:31.484,1:31.658,92.768,91.48400000000001,12
7429,983,4,1,14,10,1:33.049,1:32.010,1:31.704,93.049,92.00999999999999,15
7430,983,13,3,19,11,1:32.267,1:32.034,NA,92.267,92.03399999999999,5
7431,983,835,4,30,12,1:32.576,1:32.100,NA,92.576,92.1,9
7432,983,840,3,18,13,1:33.000,1:32.307,NA,93,92.307,14
7433,983,832,5,55,14,1:32.650,1:32.402,NA,92.65,92.402,11
7434,983,842,5,10,15,1:32.547,1:32.558,NA,92.547,92.55799999999999,8
7435,983,154,210,8,16,1:33.308,NA,NA,93.30799999999999,NA,16
7436,983,825,210,20,17,1:33.434,NA,NA,93.434,NA,17
7437,983,836,15,94,18,1:33.483,NA,NA,93.483,NA,18
7438,983,828,15,9,19,1:33.970,NA,NA,93.97,NA,19
7439,983,822,131,77,5,1:32.254,1:30.803,1:30.758,92.25399999999999,90.803,3
7440,984,1,131,44,1,1:29.047,1:27.819,1:27.319,89.047,87.819,1
7441,984,822,131,77,2,1:29.332,1:28.543,1:27.651,89.332,88.543,4
7442,984,20,6,5,3,1:29.352,1:28.225,1:27.791,89.352,88.225,5
7443,984,817,9,3,4,1:29.475,1:28.935,1:28.306,89.475,88.935,6
7444,984,830,9,33,5,1:29.181,1:28.747,1:28.332,89.181,88.747,3
7445,984,8,6,7,6,1:29.163,1:29.079,1:28.498,89.163,89.07900000000001,2
7446,984,839,10,31,7,1:30.115,1:29.199,1:29.111,90.115,89.199,8
7447,984,815,10,11,8,1:29.696,1:29.343,1:29.260,89.696,89.343,7
7448,984,13,3,19,9,1:30.352,1:29.687,1:29.480,90.352,89.687,10
7449,984,4,1,14,10,1:30.525,1:29.749,1:30.687,90.525,89.749,12
7450,984,838,1,2,11,1:30.654,1:29.778,\N,90.654,89.77799999999999,14
7451,984,807,4,27,12,1:30.252,1:29.879,\N,90.252,89.879,9
7452,984,825,210,20,13,1:30.774,1:29.972,\N,90.774,89.97200000000001,15
7453,984,835,4,30,14,1:30.516,1:30.022,\N,90.51599999999999,90.02199999999999,11
7454,984,832,5,55,15,1:30.565,1:30.413,\N,90.565,90.413,13
7455,984,154,210,8,16,1:30.849,\N,\N,90.849,NA,16
7456,984,842,5,10,17,1:31.317,\N,\N,91.31700000000001,NA,17
7457,984,840,3,18,18,1:31.409,\N,\N,91.40899999999999,NA,18
7458,984,828,15,9,19,1:31.597,\N,\N,91.59700000000001,NA,19
7459,984,836,15,94,20,1:31.885,\N,\N,91.885,NA,20
7460,985,1,131,44,1,1:34.822,1:33.437,1:33.108,94.822,93.437,1
7461,985,20,6,5,2,1:35.420,1:34.103,1:33.347,95.42,94.10300000000001,4
7462,985,822,131,77,3,1:35.309,1:33.769,1:33.568,95.309,93.769,3
7463,985,817,9,3,4,1:35.991,1:34.495,1:33.577,95.991,94.495,11
7464,985,8,6,7,5,1:35.649,1:33.840,1:33.577,95.649,93.84,7
7465,985,830,9,33,6,1:34.899,1:34.716,1:33.658,94.899,94.71600000000001,2
7466,985,839,10,31,7,1:35.849,1:35.113,1:34.647,95.84899999999999,95.113,10
7467,985,832,4,55,8,1:35.517,1:34.899,1:34.852,95.517,94.899,5
7468,985,4,1,14,9,1:35.712,1:35.046,1:35.007,95.712,95.04599999999999,8
7469,985,815,10,11,10,1:36.358,1:34.789,1:35.148,96.358,94.789,14
7470,985,13,3,19,11,1:35.603,1:35.155,\N,95.60300000000001,95.155,6
7471,985,826,5,26,12,1:36.073,1:35.529,\N,96.07300000000001,95.529,12
7472,985,838,1,2,13,1:36.286,1:35.641,\N,96.286,95.64099999999999,13
7473,985,154,210,8,14,1:36.835,1:35.870,\N,96.83500000000001,95.87,15
7474,985,807,4,27,15,1:35.740,\N,\N,95.74000000000001,NA,9
7475,985,828,15,9,16,1:36.842,\N,\N,96.842,NA,16
7476,985,840,3,18,17,1:36.868,\N,\N,96.868,NA,17
7477,985,843,5,39,18,1:36.889,\N,\N,96.88900000000001,NA,18
7478,985,836,15,94,19,1:37.179,\N,\N,97.179,NA,19
7479,985,825,210,20,20,1:37.394,\N,\N,97.394,NA,20
7480,986,20,6,5,1,1:17.665,1:16.870,1:16.488,77.66499999999999,76.87,4
7481,986,830,9,33,2,1:17.630,1:16.524,1:16.574,77.63,76.524,3
7482,986,1,131,44,3,1:17.518,1:17.035,1:16.934,77.518,77.035,1
7483,986,822,131,77,4,1:17.578,1:17.161,1:16.958,77.578,77.161,2
7484,986,8,6,7,5,1:18.148,1:17.534,1:17.238,78.148,77.53399999999999,7
7485,986,839,10,31,6,1:18.336,1:17.827,1:17.437,78.336,77.827,10
7486,986,817,9,3,7,1:18.208,1:17.631,1:17.447,78.208,77.631,8
7487,986,807,4,27,8,1:18.322,1:17.792,1:17.466,78.322,77.792,9
7488,986,832,4,55,9,1:18.405,1:17.753,1:17.794,78.405,77.753,11
7489,986,815,10,11,10,1:18.020,1:17.868,1:17.807,78.02,77.868,6
7490,986,13,3,19,11,1:18.570,1:18.099,\N,78.57,78.099,12
7491,986,840,3,18,12,1:18.902,1:19.159,\N,78.902,79.15899999999999,15
7492,986,843,5,28,13,1:18.683,\N,\N,78.68299999999999,NA,14
7493,986,4,1,14,14,1:17.710,\N,\N,77.71000000000001,NA,5
7494,986,838,1,2,15,1:18.578,\N,\N,78.578,NA,13
7495,986,828,15,9,16,1:19.176,\N,\N,79.176,NA,16
7496,986,836,15,94,17,1:19.333,\N,\N,79.333,NA,17
7497,986,825,210,20,18,1:19.443,\N,\N,79.443,NA,18
7498,986,154,210,8,19,1:19.473,\N,\N,79.473,NA,19
7499,987,822,131,77,1,1:09.452,1:08.638,1:08.322,69.452,68.638,2
7500,987,20,6,5,2,1:09.643,1:08.494,1:08.360,69.643,68.494,3
7501,987,8,6,7,3,1:09.405,1:09.116,1:08.538,69.405,69.116,1
7502,987,830,9,33,4,1:09.820,1:09.050,1:08.925,69.82,69.05,5
7503,987,817,9,3,5,1:09.828,1:09.533,1:09.330,69.828,69.533,6
7504,987,815,10,11,6,1:10.145,1:09.760,1:09.598,70.145,69.76,8
7505,987,4,1,14,7,1:10.172,1:09.593,1:09.617,70.172,69.593,11
7506,987,807,4,27,8,1:10.078,1:09.726,1:09.703,70.078,69.726,7
7507,987,832,4,55,9,1:10.227,1:09.768,1:09.805,70.227,69.768,12
7508,987,13,3,19,10,1:09.789,1:09.612,1:09.841,69.789,69.612,4
7509,987,839,10,31,11,1:10.168,1:09.830,NA,70.168,69.83,10
7510,987,154,210,8,12,1:10.148,1:09.879,NA,70.148,69.879,9
7511,987,838,1,2,13,1:10.286,1:10.116,NA,70.286,70.116,13
7512,987,825,210,20,14,1:10.521,1:10.154,NA,70.521,70.154,14
7513,987,843,5,28,15,1:10.625,NA,NA,70.625,NA,15
7514,987,836,15,94,16,1:10.678,NA,NA,70.678,NA,16
7515,987,842,5,10,17,1:10.686,NA,NA,70.686,NA,17
7516,987,840,3,18,18,1:10.776,NA,NA,70.776,NA,18
7517,987,828,15,9,19,1:10.875,NA,NA,70.875,NA,19
7520,988,822,131,77,1,1:37.356,1:36.822,1:36.231,97.356,96.822,1
7521,988,1,131,44,2,1:37.391,1:36.742,1:36.403,97.39099999999999,96.74199999999999,2
7522,988,20,6,5,3,1:37.817,1:37.023,1:36.777,97.81700000000001,97.023,4
7523,988,817,9,3,4,1:38.016,1:37.583,1:36.959,98.01599999999999,97.583,5
7524,988,8,6,7,5,1:37.453,1:37.302,1:36.985,97.453,97.30199999999999,3
7525,988,830,9,33,6,1:38.021,1:37.777,1:37.328,98.021,97.777,6
7526,988,807,4,27,7,1:38.781,1:38.138,1:38.282,98.781,98.138,10
7527,988,815,10,11,8,1:38.601,1:38.359,1:38.374,98.601,98.35900000000001,7
7528,988,839,10,31,9,1:38.896,1:38.392,1:38.397,98.896,98.392,13
7529,988,13,3,19,10,1:38.629,1:38.565,1:38.550,98.62899999999999,98.565,8
7530,988,4,1,14,11,1:38.820,1:38.636,\N,98.82,98.636,12
7531,988,832,4,55,12,1:38.810,1:38.725,\N,98.81,98.725,11
7532,988,838,1,2,13,1:38.777,1:38.808,\N,98.777,98.80799999999999,9
7533,988,825,210,20,14,1:39.395,1:39.298,\N,99.39500000000001,99.298,14
7534,988,840,3,18,15,1:39.503,1:39.646,\N,99.503,99.646,15
7535,988,154,210,8,16,1:39.516,\N,\N,99.51599999999999,NA,16
7536,988,842,5,10,17,1:39.724,\N,\N,99.72399999999999,NA,17
7537,988,836,15,94,18,1:39.930,\N,\N,99.93,NA,18
7538,988,828,15,9,19,1:39.994,\N,\N,99.994,NA,19
7539,988,843,5,28,20,1:40.471,\N,\N,100.471,NA,20
7540,989,1,131,44,1,1:22.824,1:22.051,1:21.164,82.824,82.051,1
7541,989,8,6,7,2,1:23.096,1:22.507,1:21.828,83.096,82.507,2
7542,989,20,6,5,3,1:23.348,1:21.944,1:21.838,83.348,81.944,3
7543,989,830,9,33,4,1:23.483,1:22.416,1:21.879,83.483,82.416,4
7544,989,817,9,3,5,1:23.494,1:22.897,1:22.152,83.494,82.89699999999999,5
7545,989,825,210,20,6,1:23.909,1:23.300,1:23.187,83.90899999999999,83.3,11
7546,989,154,210,8,7,1:23.671,1:23.468,1:23.339,83.67099999999999,83.468,8
7547,989,807,4,27,8,1:23.782,1:23.544,1:23.532,83.782,83.544,10
7548,989,832,4,55,9,1:23.529,1:23.061,1:23.577,83.529,83.061,6
7549,989,822,131,77,10,1:23.686,1:22.089,NA,83.686,82.089,9
7550,989,4,1,14,11,1:23.597,1:23.692,NA,83.59700000000001,83.69200000000001,7
7551,989,838,1,2,12,1:24.073,1:23.853,NA,84.07300000000001,83.85300000000001,12
7552,989,815,10,11,13,1:24.344,1:24.005,NA,84.344,84.005,13
7553,989,840,3,18,14,1:24.464,1:24.230,NA,84.464,84.23,14
7554,989,839,10,31,15,1:24.503,1:24.786,NA,84.503,84.786,15
7555,989,843,5,28,16,1:24.532,NA,NA,84.532,NA,16
7556,989,828,15,9,17,1:24.556,NA,NA,84.556,NA,17
7557,989,844,15,16,18,1:24.636,NA,NA,84.636,NA,18
7558,989,845,3,35,19,1:24.922,NA,NA,84.922,NA,19
7559,989,842,5,10,20,1:25.295,NA,NA,85.295,NA,20
7560,990,20,6,5,1,1:29.060,1:28.341,1:27.958,89.06,88.34100000000001,2
7561,990,8,6,7,2,1:28.951,1:28.515,1:28.101,88.951,88.515,1
7562,990,822,131,77,3,1:29.275,1:28.794,1:28.124,89.275,88.794,3
7563,990,1,131,44,4,1:29.396,1:28.458,1:28.220,89.396,88.458,5
7564,990,817,9,3,5,1:29.552,1:28.962,1:28.398,89.55199999999999,88.962,6
7565,990,842,5,10,6,1:30.121,1:29.836,1:29.329,90.121,89.836,9
7566,990,825,210,20,7,1:29.594,1:29.623,1:29.358,89.594,89.623,7
7567,990,807,4,27,8,1:30.260,1:29.187,1:29.570,90.26,89.187,11
7568,990,839,10,31,9,1:30.338,1:30.009,1:29.874,90.338,90.009,12
7569,990,832,4,55,10,1:29.893,1:29.802,1:29.986,89.893,89.80199999999999,8
7570,990,843,5,28,11,1:30.412,1:30.105,\N,90.412,90.105,13
7571,990,815,10,11,12,1:30.218,1:30.156,\N,90.218,90.156,10
7572,990,4,1,14,13,1:30.530,1:30.212,\N,90.53,90.212,15
7573,990,838,1,2,14,1:30.479,1:30.525,\N,90.479,90.525,14
7574,990,830,9,33,15,1:29.374,\N,\N,89.374,NA,4
7575,990,154,210,8,16,1:30.530,\N,\N,90.53,NA,15
7576,990,828,15,9,17,1:31.063,\N,\N,91.063,NA,17
7577,990,845,3,35,18,1:31.414,\N,\N,91.414,NA,18
7578,990,844,15,16,19,1:31.420,\N,\N,91.42,NA,19
7579,990,840,3,18,20,1:31.503,\N,\N,91.503,NA,20
7580,991,20,6,5,1,1:32.171,1:32.385,1:31.095,92.17099999999999,92.38499999999999,1
7581,991,8,6,7,2,1:32.474,1:32.286,1:31.182,92.47399999999999,92.286,2
7582,991,822,131,77,3,1:32.921,1:32.063,1:31.625,92.92099999999999,92.063,3
7583,991,1,131,44,4,1:33.283,1:31.914,1:31.675,93.283,91.914,6
7584,991,830,9,33,5,1:32.932,1:32.809,1:31.796,92.932,92.809,4
7585,991,817,9,3,6,1:33.877,1:32.688,1:31.948,93.87700000000001,92.688,14
7586,991,807,4,27,7,1:33.545,1:32.494,1:32.532,93.545,92.494,11
7587,991,815,10,11,8,1:33.464,1:32.931,1:32.758,93.464,92.931,10
7588,991,832,4,55,9,1:33.315,1:32.970,1:32.819,93.315,92.97,7
7589,991,154,210,8,10,1:33.238,1:32.524,1:32.855,93.238,92.524,5
7590,991,825,210,20,11,1:33.359,1:32.986,\N,93.35900000000001,92.98599999999999,8
7591,991,839,10,31,12,1:33.585,1:33.057,\N,93.58500000000001,93.057,12
7592,991,4,1,14,13,1:33.428,1:33.232,\N,93.428,93.232,9
7593,991,838,1,2,14,1:33.824,1:33.505,\N,93.824,93.505,13
7594,991,843,5,28,15,1:34.013,1:33.795,\N,94.013,93.795,15
7595,991,845,3,35,16,1:34.062,\N,\N,94.062,NA,16
7596,991,842,5,10,17,1:34.101,\N,\N,94.101,NA,17
7597,991,840,3,18,18,1:34.285,\N,\N,94.285,NA,18
7598,991,844,15,16,19,1:34.454,\N,\N,94.45400000000001,NA,19
7599,991,828,15,9,20,1:34.914,\N,\N,94.914,NA,20
7600,992,20,6,5,1,1:42.762,1:43.015,1:41.498,102.762,103.015,4
7601,992,1,131,44,2,1:42.693,1:42.676,1:41.677,102.693,102.676,3
7602,992,822,131,77,3,1:43.355,1:42.679,1:41.837,103.35499999999999,102.679,7
7603,992,817,9,3,4,1:42.857,1:43.482,1:41.911,102.857,103.482,5
7604,992,830,9,33,5,1:42.642,1:42.901,1:41.994,102.642,102.90100000000001,2
7605,992,8,6,7,6,1:42.538,1:42.510,1:42.490,102.538,102.50999999999999,1
7606,992,839,10,31,7,1:43.021,1:42.967,1:42.523,103.021,102.967,6
7607,992,815,10,11,8,1:43.992,1:43.366,1:42.547,103.99199999999999,103.366,12
7608,992,807,4,27,9,1:43.746,1:43.232,1:43.066,103.74600000000001,103.232,10
7609,992,832,4,55,10,1:43.426,1:43.464,1:43.351,103.426,103.464,8
7610,992,840,3,18,11,1:44.359,1:43.585,NA,104.35900000000001,103.58500000000001,15
7611,992,845,3,35,12,1:44.261,1:43.886,NA,104.261,103.886,14
7612,992,4,1,14,13,1:44.010,1:44.019,NA,104.00999999999999,104.019,13
7613,992,844,15,16,14,1:43.752,1:44.074,NA,103.75200000000001,104.074,11
7614,992,825,210,20,15,1:43.674,1:44.759,NA,103.674,104.759,9
7615,992,838,1,2,16,1:44.489,NA,NA,104.489,NA,16
7616,992,842,5,10,17,1:44.496,NA,NA,104.49600000000001,NA,17
7617,992,828,15,9,18,1:45.541,NA,NA,105.541,NA,18
7618,992,843,5,28,19,1:57.354,\N,\N,117.354,NA,19
7620,993,1,131,44,1,1:17.633,1:17.166,1:16.173,77.633,77.166,5
7621,993,822,131,77,2,1:17.674,1:17.111,1:16.213,77.674,77.111,6
7622,993,20,6,5,3,1:17.031,1:16.802,1:16.305,77.031,76.80199999999999,1
7623,993,8,6,7,4,1:17.483,1:17.071,1:16.612,77.483,77.071,3
7624,993,830,9,33,5,1:17.411,1:17.266,1:16.816,77.411,77.26599999999999,2
7625,993,817,9,3,6,1:17.623,1:17.638,1:16.818,77.623,77.638,4
7626,993,825,210,20,7,1:18.169,1:17.618,1:17.676,78.169,77.618,7
7627,993,4,1,14,8,1:18.276,1:18.100,1:17.721,78.276,78.1,8
7628,993,832,4,55,9,1:18.480,1:17.803,1:17.790,78.48,77.803,10
7629,993,154,210,8,10,1:18.305,1:17.699,1:17.835,78.305,77.699,9
7630,993,838,1,2,11,1:18.885,1:18.323,NA,78.885,78.32300000000001,15
7631,993,842,5,10,12,1:18.550,1:18.463,NA,78.55,78.463,11
7632,993,839,10,31,13,1:18.813,1:18.696,NA,78.813,78.696,14
7633,993,844,15,16,14,1:18.661,1:18.910,NA,78.661,78.91,12
7634,993,815,10,11,15,1:18.740,1:19.098,NA,78.74,79.098,13
7635,993,807,4,27,16,1:18.923,NA,NA,78.923,NA,16
7636,993,828,15,9,17,1:19.493,NA,NA,79.493,NA,17
7637,993,845,3,35,18,1:19.695,NA,NA,79.695,NA,18
7638,993,840,3,18,19,1:20.225,NA,NA,80.225,NA,19
7640,994,817,9,3,1,1:12.013,1:11.278,1:10.810,72.013,71.278,1
7641,994,20,6,5,2,1:12.415,1:11.518,1:11.039,72.41499999999999,71.518,2
7642,994,1,131,44,3,1:12.460,1:11.584,1:11.232,72.46000000000001,71.584,4
7643,994,8,6,7,4,1:12.639,1:11.391,1:11.266,72.639,71.391,6
7644,994,4,1,14,7,1:12.657,1:12.269,1:12.110,72.657,72.269,7
7645,994,832,4,55,8,1:12.950,1:12.286,1:12.130,72.95,72.286,13
7646,994,815,10,11,9,1:12.848,1:12.194,1:12.154,72.848,72.194,10
7647,994,842,5,10,10,1:12.941,1:12.313,1:12.221,72.941,72.313,12
7648,994,838,1,2,12,1:12.463,1:12.440,NA,72.463,72.44,5
7649,994,845,3,35,13,1:12.706,1:12.521,NA,72.706,72.521,8
7650,994,844,15,16,14,1:12.829,1:12.714,NA,72.82900000000001,72.714,9
7651,994,154,210,8,15,1:12.930,1:12.728,NA,72.93,72.728,11
7652,994,843,5,28,16,1:13.179,NA,NA,73.179,NA,16
7653,994,828,15,9,17,1:13.265,NA,NA,73.265,NA,17
7654,994,840,3,18,18,1:13.323,NA,NA,73.32300000000001,NA,18
7655,994,825,210,20,19,1:13.393,NA,NA,73.393,NA,19
7657,994,822,131,77,5,1:12.434,1:12.002,1:11.441,72.434,72.002,3
7658,994,839,10,31,6,1:13.028,1:12.188,1:12.061,73.028,72.188,14
7659,994,807,4,27,11,1:13.065,1:12.411,NA,73.065,72.411,15
7660,995,20,6,5,1,1:11.710,1:11.524,1:10.764,71.71000000000001,71.524,1
7661,995,822,131,77,2,1:11.950,1:11.514,1:10.857,71.95,71.514,4
7662,995,830,9,33,3,1:12.008,1:11.472,1:10.937,72.008,71.472,5
7663,995,1,131,44,4,1:11.835,1:11.740,1:10.996,71.83500000000001,71.74,3
7664,995,8,6,7,5,1:11.725,1:11.620,1:11.095,71.725,71.62,2
7665,995,817,9,3,6,1:12.459,1:11.434,1:11.116,72.459,71.434,6
7666,995,807,4,27,7,1:12.795,1:11.916,1:11.973,72.795,71.916,12
7667,995,839,10,31,8,1:12.577,1:12.141,1:12.084,72.577,72.141,7
7668,995,832,4,55,9,1:12.689,1:12.097,1:12.168,72.689,72.097,10
7669,995,815,10,11,10,1:12.702,1:12.395,1:12.671,72.702,72.395,11
7670,995,843,5,28,12,1:12.587,1:12.635,NA,72.587,72.635,8
7671,995,4,1,14,14,1:12.979,1:12.856,NA,72.979,72.856,14
7672,995,838,1,2,15,1:12.998,1:12.865,NA,72.998,72.865,15
7673,995,842,5,10,16,1:13.047,NA,NA,73.047,NA,16
7674,995,840,3,18,17,1:13.590,NA,NA,73.59,NA,17
7675,995,845,3,35,18,1:13.643,NA,NA,73.643,NA,18
7676,995,828,15,9,19,1:14.593,NA,NA,74.593,NA,19
7678,995,825,210,20,11,1:12.680,1:12.606,\N,72.68,72.606,9
7679,995,844,15,16,13,1:12.945,1:12.661,\N,72.945,72.661,13
7680,996,1,131,44,1,1:31.271,1:30.645,1:30.029,91.271,90.645,1
7681,996,822,131,77,2,1:31.776,1:31.227,1:30.147,91.776,91.227,4
7682,996,20,6,5,3,1:31.820,1:30.751,1:30.400,91.82,90.751,5
7683,996,830,9,33,4,1:31.531,1:30.818,1:30.705,91.531,90.818,2
7684,996,817,9,3,5,1:31.910,1:31.538,1:30.895,91.91,91.538,6
7685,996,8,6,7,6,1:31.567,1:30.772,1:31.057,91.56700000000001,90.77199999999999,3
7686,996,832,4,55,7,1:32.394,1:32.016,1:32.126,92.394,92.01599999999999,9
7687,996,844,15,16,8,1:32.538,1:32.055,1:32.635,92.538,92.055,11
7688,996,825,210,20,9,1:32.169,1:31.510,1:32.930,92.169,91.51,8
7689,996,154,210,8,10,1:32.083,1:31.472,\N,92.083,91.47200000000001,7
7690,996,839,10,31,11,1:32.786,1:32.075,\N,92.786,92.075,13
7691,996,807,4,27,12,1:32.949,1:32.115,\N,92.949,92.11500000000001,15
7692,996,815,10,11,13,1:32.692,1:32.454,\N,92.69200000000001,92.45400000000001,12
7693,996,842,5,10,14,1:32.447,1:32.460,\N,92.447,92.46000000000001,10
7694,996,828,15,9,15,1:32.804,1:32.820,\N,92.804,92.82,14
7695,996,4,1,14,16,1:32.976,\N,\N,92.976,NA,16
7696,996,843,5,28,17,1:33.025,\N,\N,93.025,NA,17
7697,996,838,1,2,18,1:33.162,\N,\N,93.162,NA,18
7698,996,845,3,35,19,1:33.636,\N,\N,93.636,NA,19
7699,996,840,3,18,20,1:33.729,\N,\N,93.729,NA,20
7700,997,822,131,77,1,1:04.175,1:03.756,1:03.130,64.175,63.756,2
7701,997,1,131,44,2,1:04.080,1:03.577,1:03.149,64.08,63.577,1
7702,997,20,6,5,3,1:04.347,1:03.544,1:03.464,64.347,63.544,6
7703,997,8,6,7,4,1:04.234,1:03.975,1:03.660,64.234,63.975,3
7704,997,830,9,33,5,1:04.273,1:04.001,1:03.840,64.273,64.001,5
7705,997,154,210,8,6,1:04.242,1:04.059,1:03.892,64.242,64.059,4
7706,997,817,9,3,7,1:04.723,1:04.403,1:03.996,64.723,64.403,8
7707,997,825,210,20,8,1:04.460,1:04.291,1:04.051,64.46,64.291,7
7708,997,832,4,55,9,1:04.948,1:04.561,1:04.725,64.94800000000001,64.561,10
7709,997,807,4,27,10,1:04.864,1:04.676,1:05.019,64.864,64.676,9
7710,997,839,10,31,11,1:05.148,1:04.845,\N,65.148,64.845,14
7711,997,842,5,10,12,1:05.011,1:04.874,\N,65.011,64.874,13
7712,997,844,15,16,13,1:04.967,1:04.979,\N,64.967,64.979,12
7713,997,4,1,14,14,1:04.965,1:05.058,\N,64.965,65.05799999999999,11
7714,997,840,3,18,15,1:05.264,1:05.286,\N,65.264,65.286,15
7715,997,838,1,2,16,1:05.271,\N,\N,65.271,NA,16
7716,997,815,10,11,17,1:05.279,\N,\N,65.279,NA,17
7717,997,845,3,35,18,1:05.322,\N,\N,65.322,NA,18
7718,997,843,5,28,19,1:05.366,\N,\N,65.366,NA,19
7719,997,828,15,9,20,1:05.479,\N,\N,65.479,NA,20
7720,998,1,131,44,1,1:26.818,1:26.256,1:25.892,86.818,86.256,2
7721,998,20,6,5,2,1:26.585,1:26.372,1:25.936,86.58500000000001,86.372,1
7722,998,8,6,7,3,1:27.549,1:26.483,1:25.990,87.549,86.483,5
7723,998,822,131,77,4,1:27.025,1:26.413,1:26.217,87.025,86.413,3
7724,998,830,9,33,5,1:27.309,1:27.013,1:26.602,87.309,87.013,4
7725,998,817,9,3,6,1:27.979,1:27.369,1:27.099,87.979,87.369,7
7726,998,825,210,20,7,1:28.143,1:27.730,1:27.244,88.143,87.73,10
7727,998,154,210,8,8,1:28.086,1:27.522,1:27.455,88.086,87.52199999999999,9
7728,998,844,15,16,9,1:27.962,1:27.790,1:27.879,87.962,87.78999999999999,6
7729,998,839,10,31,10,1:28.279,1:27.843,1:28.194,88.279,87.843,14
7730,998,807,4,27,11,1:28.017,1:27.901,NA,88.017,87.901,8
7731,998,815,10,11,12,1:28.210,1:27.928,NA,88.21000000000001,87.928,12
7732,998,4,1,14,13,1:28.187,1:28.139,NA,88.187,88.139,11
7733,998,842,5,10,14,1:28.399,1:28.343,NA,88.399,88.343,15
7734,998,828,15,9,15,1:28.249,1:28.391,NA,88.249,88.39099999999999,13
7735,998,832,4,55,16,1:28.456,NA,NA,88.456,NA,16
7736,998,838,1,2,17,1:29.096,NA,NA,89.096,NA,17
7737,998,845,3,35,18,1:29.252,NA,NA,89.252,NA,18
7740,999,20,6,5,1,1:12.538,1:12.505,1:11.212,72.538,72.505,2
7741,999,822,131,77,2,1:12.962,1:12.152,1:11.416,72.962,72.152,3
7742,999,8,6,7,3,1:12.505,1:12.336,1:11.547,72.505,72.336,1
7743,999,830,9,33,4,1:13.127,1:12.188,1:11.822,73.127,72.188,8
7744,999,825,210,20,5,1:13.105,1:12.523,1:12.200,73.105,72.523,7
7745,999,154,210,8,6,1:12.986,1:12.722,1:12.544,72.986,72.722,4
7746,999,807,4,27,7,1:13.479,1:12.946,1:12.560,73.479,72.946,12
7747,999,832,4,55,8,1:13.324,1:13.032,1:12.692,73.324,73.032,10
7748,999,844,15,16,9,1:13.077,1:12.995,1:12.717,73.077,72.995,6
7749,999,815,10,11,10,1:13.427,1:13.072,1:12.774,73.42699999999999,73.072,11
7750,999,4,1,14,11,1:13.614,1:13.657,\N,73.614,73.657,14
7751,999,845,3,35,12,1:13.708,1:13.702,\N,73.708,73.702,15
7752,999,828,15,9,13,1:13.562,1:13.736,\N,73.562,73.736,13
7753,999,1,131,44,14,1:13.012,\N,\N,73.012,NA,5
7754,999,817,9,3,15,1:13.318,\N,\N,73.318,NA,9
7755,999,839,10,31,16,1:13.720,\N,\N,73.72,NA,16
7756,999,842,5,10,17,1:13.749,\N,\N,73.749,NA,17
7757,999,843,5,28,18,1:14.045,\N,\N,74.045,NA,18
7758,999,840,3,18,19,1:14.206,\N,\N,74.206,NA,19
7759,999,838,1,2,20,1:14.401,\N,\N,74.401,NA,20
7760,1000,8,6,7,3,1:17.526,1:32.762,1:36.186,77.526,92.762,5
7761,1000,20,6,5,4,1:16.666,1:28.636,1:36.210,76.666,88.636,1
7762,1000,832,4,55,5,1:17.829,1:30.771,1:36.743,77.82900000000001,90.771,6
7763,1000,842,5,10,6,1:18.577,1:31.286,1:37.591,78.577,91.286,14
7764,1000,830,9,33,7,1:16.940,1:31.178,1:38.032,76.94,91.178,2
7765,1000,843,5,28,8,1:18.429,1:32.590,1:38.128,78.429,92.59,11
7766,1000,825,210,20,9,1:18.314,1:32.968,1:39.858,78.314,92.968,10
7767,1000,154,210,8,10,1:17.901,1:33.650,1:40.593,77.901,93.65,7
7768,1000,4,1,14,11,1:18.208,1:35.214,NA,78.208,95.214,9
7769,1000,817,9,3,12,1:18.540,1:36.442,NA,78.53999999999999,96.44200000000001,12
7770,1000,807,4,27,13,1:17.905,1:36.506,NA,77.905,96.506,8
7771,1000,828,15,9,14,1:18.641,1:37.075,NA,78.64099999999999,97.075,15
7772,1000,840,3,18,15,1:18.560,NA,NA,78.56,NA,13
7773,1000,838,1,2,16,1:18.782,NA,NA,78.782,NA,16
7774,1000,844,15,16,17,1:18.817,NA,NA,78.81700000000001,NA,17
7775,1000,839,10,31,18,1:19.142,NA,NA,79.142,NA,18
7776,1000,815,10,11,19,1:19.200,NA,NA,79.2,NA,19
7777,1000,845,3,35,20,1:19.301,NA,NA,79.301,NA,20
7778,1000,1,131,44,1,1:17.419,1:31.242,1:35.658,77.419,91.242,4
7779,1000,822,131,77,2,1:17.123,1:32.081,1:35.918,77.123,92.081,3
7780,1001,1,131,44,1,1:42.977,1:41.553,1:58.179,102.977,101.553,3
7781,1001,20,6,5,2,1:43.035,1:41.501,1:58.905,103.035,101.501,4
7782,1001,839,10,31,3,1:44.003,1:43.302,2:01.851,104.003,103.30199999999999,11
7783,1001,815,10,11,4,1:44.004,1:43.014,2:01.894,104.00399999999999,103.01400000000001,12
7784,1001,154,210,8,5,1:43.597,1:43.042,2:02.122,103.59700000000001,103.042,6
7785,1001,8,6,7,6,1:42.585,1:41.533,2:02.671,102.58500000000001,101.533,1
7786,1001,830,9,33,7,1:43.199,1:42.554,2:02.769,103.199,102.554,5
7787,1001,817,9,3,8,1:43.604,1:43.126,2:02.939,103.604,103.126,7
7788,1001,825,210,20,9,1:43.834,1:43.320,2:04.933,103.834,103.32,9
7789,1001,822,131,77,10,1:42.805,1:42.191,\N,102.805,102.191,2
7790,1001,842,5,10,11,1:44.221,1:43.844,\N,104.221,103.844,15
7791,1001,843,5,28,12,1:44.153,1:43.865,\N,104.15299999999999,103.86500000000001,14
7792,1001,844,15,16,13,1:43.654,1:44.062,\N,103.654,104.062,8
7793,1001,828,15,9,14,1:43.846,1:44.301,\N,103.846,104.301,10
7794,1001,807,4,27,15,1:44.145,\N,\N,104.14500000000001,NA,13
7795,1001,832,4,55,16,1:44.489,\N,\N,104.489,NA,16
7796,1001,4,1,14,17,1:44.917,\N,\N,104.917,NA,17
7797,1001,845,3,35,18,1:44.998,\N,\N,104.99799999999999,NA,18
7798,1001,840,3,18,19,1:45.134,\N,\N,105.134,NA,19
7799,1001,838,1,2,20,1:45.307,\N,\N,105.307,NA,20
7800,1002,8,6,7,1,1:20.722,1:19.846,1:19.119,80.72200000000001,79.846,2
7801,1002,20,6,5,2,1:20.542,1:19.629,1:19.280,80.542,79.629,1
7802,1002,1,131,44,3,1:20.810,1:19.798,1:19.294,80.81,79.798,3
7803,1002,822,131,77,4,1:21.381,1:20.427,1:19.656,81.381,80.42699999999999,5
7804,1002,830,9,33,5,1:21.381,1:20.333,1:20.615,81.381,80.333,5
7805,1002,154,210,8,6,1:21.887,1:21.239,1:20.936,81.887,81.239,15
7806,1002,832,4,55,7,1:21.732,1:21.552,1:21.041,81.732,81.55199999999999,8
7807,1002,839,10,31,8,1:21.570,1:21.315,1:21.099,81.57,81.315,7
7808,1002,842,5,10,9,1:21.834,1:21.667,1:21.350,81.834,81.667,12
7809,1002,840,3,18,10,1:21.838,1:21.494,1:21.627,81.838,81.494,13
7810,1002,825,210,20,11,1:21.783,1:21.669,\N,81.783,81.669,9
7811,1002,845,3,35,12,1:21.813,1:21.732,\N,81.813,81.732,11
7812,1002,4,1,14,13,1:21.850,1:22.568,\N,81.85,82.568,14
7813,1002,807,4,27,14,1:21.801,\N,\N,81.801,NA,10
7814,1002,817,9,3,15,1:21.280,\N,\N,81.28,NA,4
7815,1002,815,10,11,16,1:21.888,\N,\N,81.888,NA,16
7816,1002,844,15,16,17,1:21.889,\N,\N,81.889,NA,17
7817,1002,843,5,28,18,1:21.934,\N,\N,81.934,NA,18
7818,1002,828,15,9,19,1:22.048,\N,\N,82.048,NA,19
7819,1002,838,1,2,20,1:22.085,\N,\N,82.08500000000001,NA,20
7820,1003,1,131,44,1,1:39.403,1:37.344,1:36.015,99.40299999999999,97.344,14
7821,1003,830,9,33,2,1:38.751,1:37.214,1:36.334,98.751,97.214,5
7822,1003,20,6,5,3,1:38.218,1:37.876,1:36.628,98.218,97.876,2
7823,1003,822,131,77,4,1:39.291,1:37.254,1:36.702,99.291,97.25399999999999,12
7824,1003,8,6,7,5,1:38.534,1:37.194,1:36.794,98.53399999999999,97.194,3
7825,1003,817,9,3,6,1:38.153,1:37.406,1:36.996,98.15299999999999,97.406,1
7826,1003,815,10,11,7,1:38.814,1:38.342,1:37.985,98.814,98.342,6
7827,1003,154,210,8,8,1:38.685,1:38.367,1:38.320,98.685,98.36699999999999,4
7828,1003,839,10,31,9,1:38.912,1:38.534,1:38.365,98.912,98.53399999999999,7
7829,1003,807,4,27,10,1:38.932,1:38.450,1:38.588,98.932,98.45,8
7830,1003,4,1,14,11,1:39.022,1:38.641,NA,99.02199999999999,98.64099999999999,9
7831,1003,832,4,55,12,1:39.103,1:38.716,NA,99.10300000000001,98.71600000000001,10
7832,1003,844,15,16,13,1:39.206,1:38.747,NA,99.206,98.747,11
7833,1003,828,15,9,14,1:39.366,1:39.453,NA,99.366,99.453,13
7834,1003,842,5,10,15,1:39.614,1:39.691,NA,99.614,99.691,15
7835,1003,825,210,20,16,1:39.644,NA,NA,99.644,NA,16
7836,1003,843,5,28,17,1:39.809,NA,NA,99.809,NA,17
7837,1003,838,1,2,18,1:39.864,NA,NA,99.864,NA,18
7838,1003,845,3,35,19,1:41.263,NA,NA,101.263,NA,19
7839,1003,840,3,18,20,1:41.334,NA,NA,101.334,NA,20
7840,1004,822,131,77,1,1:32.964,1:32.744,1:31.387,92.964,92.744,2
7841,1004,1,131,44,2,1:32.410,1:32.595,1:31.532,92.41,92.595,1
7842,1004,20,6,5,3,1:33.476,1:33.045,1:31.943,93.476,93.045,6
7843,1004,8,6,7,4,1:33.341,1:33.065,1:32.237,93.34100000000001,93.065,5
7844,1004,825,210,20,5,1:34.078,1:33.747,1:33.181,94.078,93.747,9
7845,1004,839,10,31,6,1:34.290,1:33.596,1:33.413,94.28999999999999,93.596,12
7846,1004,844,15,16,7,1:33.924,1:33.488,1:33.419,93.924,93.488,7
7847,1004,815,10,11,8,1:34.084,1:33.923,1:33.563,94.084,93.923,10
7848,1004,154,210,8,9,1:34.022,1:33.517,1:33.704,94.02199999999999,93.517,8
7849,1004,828,15,9,10,1:34.170,1:33.995,1:35.196,94.17,93.995,11
7850,1004,830,9,33,11,1:33.048,\N,\N,93.048,NA,3
7851,1004,817,9,3,12,1:33.247,\N,\N,93.247,NA,4
7852,1004,842,5,10,13,1:34.383,\N,\N,94.38300000000001,NA,13
7853,1004,832,4,55,14,1:34.626,\N,\N,94.626,NA,14
7854,1004,807,4,27,15,1:34.655,\N,\N,94.655,NA,15
7855,1004,843,5,28,16,1:35.037,\N,\N,95.037,NA,16
7856,1004,4,1,14,17,1:35.504,\N,\N,95.50399999999999,NA,17
7857,1004,845,3,35,18,1:35.612,\N,\N,95.612,NA,18
7858,1004,838,1,2,19,1:35.977,\N,\N,95.977,NA,19
7859,1004,840,3,18,20,1:36.437,\N,\N,96.437,NA,20
7860,1005,1,131,44,1,1:28.702,1:28.017,1:27.760,88.702,88.017,1
7861,1005,822,131,77,2,1:29.297,1:27.987,1:28.059,89.297,87.987,3
7862,1005,830,9,33,3,1:29.480,1:28.849,1:29.057,89.48,88.849,4
7863,1005,8,6,7,4,1:29.631,1:28.595,1:29.521,89.631,88.595,5
7864,1005,154,210,8,5,1:29.724,1:29.678,1:29.761,89.724,89.678,7
7865,1005,843,5,28,6,1:30.248,1:29.848,1:30.023,90.248,89.848,14
7866,1005,842,5,10,7,1:30.137,1:29.810,1:30.093,90.137,89.81,10
7867,1005,839,10,31,8,1:29.899,1:29.538,1:30.126,89.899,89.538,9
7868,1005,20,6,5,9,1:29.049,1:28.279,1:32.192,89.049,88.279,2
7869,1005,815,10,11,10,1:30.247,1:29.567,1:37.229,90.247,89.56700000000001,13
7870,1005,844,15,16,11,1:29.706,1:29.864,NA,89.706,89.864,6
7871,1005,825,210,20,12,1:30.219,1:30.226,NA,90.219,90.226,11
7872,1005,832,4,55,13,1:30.236,1:30.490,NA,90.236,90.49,12
7873,1005,840,3,18,14,1:30.317,1:30.714,NA,90.31700000000001,90.714,15
7874,1005,817,9,3,15,1:29.806,NA,NA,89.806,NA,8
7875,1005,807,4,27,16,1:30.361,NA,NA,90.361,NA,16
7876,1005,845,3,35,17,1:30.372,NA,NA,90.372,NA,17
7877,1005,4,1,14,18,1:30.573,NA,NA,90.57300000000001,NA,18
7878,1005,838,1,2,19,1:31.041,NA,NA,91.041,NA,19
7879,1005,828,15,9,20,1:31.213,NA,NA,91.213,NA,20
7880,1006,1,131,44,1,1:34.130,1:33.480,1:32.237,94.13,93.47999999999999,1
7881,1006,20,6,5,2,1:34.569,1:33.079,1:32.298,94.569,93.07900000000001,3
7882,1006,8,6,7,3,1:34.703,1:32.884,1:32.307,94.703,92.884,4
7883,1006,822,131,77,4,1:34.518,1:33.702,1:32.616,94.518,93.702,2
7884,1006,817,9,3,5,1:34.755,1:34.185,1:33.494,94.755,94.185,5
7885,1006,839,10,31,6,1:34.876,1:34.522,1:34.145,94.876,94.52199999999999,8
7886,1006,807,4,27,7,1:34.932,1:34.564,1:34.215,94.932,94.564,11
7887,1006,154,210,8,8,1:34.892,1:34.419,1:34.250,94.892,94.419,10
7888,1006,844,15,16,9,1:35.069,1:34.255,1:34.420,95.069,94.255,13
7889,1006,815,10,11,10,1:35.193,1:34.525,1:34.594,95.193,94.525,14
7890,1006,832,4,55,11,1:34.891,1:34.566,\N,94.89099999999999,94.566,9
7891,1006,825,210,20,12,1:34.972,1:34.732,\N,94.97200000000001,94.732,12
7892,1006,842,5,10,13,1:34.850,\N,\N,94.85,NA,7
7893,1006,843,5,28,14,1:35.206,\N,\N,95.206,NA,15
7894,1006,830,9,33,15,1:34.766,\N,\N,94.76599999999999,NA,6
7895,1006,4,1,14,16,1:35.294,\N,\N,95.294,NA,16
7896,1006,845,3,35,17,1:35.362,\N,\N,95.362,NA,17
7897,1006,840,3,18,18,1:35.480,\N,\N,95.47999999999999,NA,18
7898,1006,828,15,9,19,1:35.536,\N,\N,95.536,NA,19
7899,1006,838,1,2,20,1:35.735,\N,\N,95.735,NA,20
7900,1007,817,9,3,1,1:15.866,1:15.845,1:14.759,75.866,75.845,4
7901,1007,830,9,33,2,1:15.756,1:15.640,1:14.785,75.756,75.64,3
7902,1007,1,131,44,3,1:15.673,1:15.644,1:14.894,75.673,75.644,2
7903,1007,20,6,5,4,1:16.089,1:15.715,1:14.970,76.089,75.715,5
7904,1007,822,131,77,5,1:15.580,1:15.923,1:15.160,75.58,75.923,1
7905,1007,8,6,7,6,1:16.446,1:15.996,1:15.330,76.446,75.996,8
7906,1007,807,4,27,7,1:16.498,1:16.126,1:15.827,76.498,76.126,9
7907,1007,832,4,55,8,1:16.813,1:16.188,1:16.084,76.813,76.188,12
7908,1007,844,15,16,9,1:16.862,1:16.320,1:16.189,76.862,76.32,15
7909,1007,828,15,9,10,1:16.701,1:16.633,1:16.513,76.701,76.633,11
7910,1007,839,10,31,11,1:16.252,1:16.844,NA,76.252,76.844,7
7911,1007,815,10,11,13,1:16.242,1:17.167,NA,76.242,77.167,6
7912,1007,843,5,28,14,1:16.682,1:17.184,NA,76.682,77.184,10
7913,1007,842,5,10,15,1:16.828,NA,NA,76.828,NA,13
7914,1007,154,210,8,16,1:16.911,NA,NA,76.911,NA,16
7915,1007,838,1,2,17,1:16.966,NA,NA,76.96600000000001,NA,17
7916,1007,825,210,20,18,1:17.599,NA,NA,77.599,NA,18
7917,1007,840,3,18,19,1:17.689,NA,NA,77.689,NA,19
7918,1007,845,3,35,20,1:17.886,NA,NA,77.886,NA,20
7919,1007,4,1,14,12,1:16.857,1:16.871,NA,76.857,76.871,14
7920,1008,1,131,44,1,1:08.464,1:07.795,1:07.281,68.464,67.795,4
7921,1008,20,6,5,2,1:08.452,1:07.776,1:07.374,68.452,67.776,2
7922,1008,822,131,77,3,1:08.492,1:07.727,1:07.441,68.492,67.727,6
7923,1008,8,6,7,4,1:08.452,1:08.028,1:07.456,68.452,68.028,2
7924,1008,830,9,33,5,1:08.205,1:08.017,1:07.778,68.205,68.017,1
7925,1008,817,9,3,6,1:08.544,1:08.055,1:07.780,68.544,68.055,7
7926,1008,828,15,9,7,1:08.754,1:08.579,1:08.296,68.754,68.57900000000001,10
7927,1008,844,15,16,8,1:08.667,1:08.335,1:08.492,68.667,68.33500000000001,8
7928,1008,154,210,8,9,1:08.735,1:08.239,1:08.517,68.735,68.239,9
7929,1008,842,5,10,10,1:09.046,1:08.616,1:09.029,69.04599999999999,68.616,12
7930,1008,825,210,20,11,1:08.474,1:08.659,\N,68.474,68.659,5
7931,1008,815,10,11,12,1:09.217,1:08.741,\N,69.217,68.741,13
7932,1008,839,10,31,13,1:09.264,1:08.770,\N,69.264,68.77,15
7933,1008,807,4,27,14,1:09.009,1:08.834,\N,69.009,68.834,11
7934,1008,845,3,35,15,1:09.259,1:10.381,\N,69.259,70.381,14
7935,1008,832,4,55,16,1:09.269,\N,\N,69.269,NA,16
7936,1008,843,5,28,17,1:09.280,\N,\N,69.28,NA,17
7937,1008,4,1,14,18,1:09.402,\N,\N,69.402,NA,18
7938,1008,840,3,18,19,1:09.441,\N,\N,69.441,NA,19
7939,1008,838,1,2,20,1:09.601,\N,\N,69.601,NA,20
7940,1009,1,131,44,1,1:36.828,1:35.693,1:34.794,96.828,95.693,3
7941,1009,822,131,77,2,1:36.789,1:36.392,1:34.956,96.789,96.392,2
7942,1009,20,6,5,3,1:36.775,1:36.345,1:35.125,96.775,96.345,1
7943,1009,8,6,7,4,1:37.010,1:36.735,1:35.365,97.00999999999999,96.735,5
7944,1009,817,9,3,5,1:37.117,1:36.964,1:35.401,97.11699999999999,96.964,6
7945,1009,830,9,33,6,1:37.195,1:36.144,1:35.589,97.195,96.144,8
7946,1009,154,210,8,7,1:37.575,1:36.732,1:36.192,97.575,96.732,11
7947,1009,844,15,16,8,1:37.124,1:36.580,1:36.237,97.124,96.58,7
7948,1009,839,10,31,9,1:36.936,1:36.814,1:36.540,96.936,96.814,4
7949,1009,807,4,27,10,1:37.569,1:36.630,1:36.542,97.569,96.63,10
7950,1009,832,4,55,11,1:37.757,1:36.982,\N,97.757,96.982,13
7951,1009,828,15,9,12,1:37.619,1:37.132,\N,97.619,97.132,12
7952,1009,825,210,20,13,1:37.934,1:37.309,\N,97.934,97.309,15
7953,1009,815,10,11,14,1:37.255,1:37.541,\N,97.255,97.541,9
7954,1009,4,1,14,15,1:37.890,1:37.743,\N,97.89,97.743,14
7955,1009,843,5,28,16,1:37.994,\N,\N,97.994,NA,16
7956,1009,842,5,10,17,1:38.166,\N,\N,98.166,NA,17
7957,1009,838,1,2,18,1:38.577,\N,\N,98.577,NA,18
7958,1009,845,3,35,19,1:38.635,\N,\N,98.63499999999999,NA,19
7959,1009,840,3,18,20,1:38.682,\N,\N,98.682,NA,20
7960,1010,1,131,44,1,1:22.043,1:21.014,1:20.486,82.043,81.014,2
7961,1010,822,131,77,2,1:22.367,1:21.193,1:20.598,82.367,81.193,3
7962,1010,20,6,5,3,1:22.885,1:21.912,1:21.190,82.885,81.912,11
7963,1010,830,9,33,4,1:22.876,1:21.678,1:21.320,82.876,81.678,10
7964,1010,844,6,16,5,1:22.017,1:21.739,1:21.442,82.017,81.739,1
7965,1010,154,210,8,6,1:22.959,1:21.870,1:21.826,82.959,81.87,14
7966,1010,825,210,20,7,1:22.519,1:22.221,1:22.099,82.519,82.221,6
7967,1010,846,1,4,8,1:22.702,1:22.423,1:22.304,82.702,82.423,8
7968,1010,8,51,7,9,1:22.966,1:22.349,1:22.314,82.96600000000001,82.349,15
7969,1010,815,211,11,10,1:22.908,1:22.532,1:22.781,82.908,82.532,12
7970,1010,807,4,27,11,1:22.540,1:22.562,\N,82.53999999999999,82.562,7
7971,1010,817,4,3,12,1:22.921,1:22.570,\N,82.92099999999999,82.57,13
7972,1010,848,5,23,13,1:22.757,1:22.636,\N,82.757,82.636,9
7973,1010,841,51,99,14,1:22.431,1:22.714,\N,82.431,82.714,4
7974,1010,826,5,26,15,1:22.511,1:22.774,\N,82.511,82.774,5
7975,1010,840,211,18,16,1:23.017,\N,\N,83.017,NA,16
7976,1010,842,9,10,17,1:23.020,\N,\N,83.02,NA,17
7977,1010,832,1,55,18,1:23.084,\N,\N,83.084,NA,18
7978,1010,847,3,63,19,1:24.360,\N,\N,84.36,NA,19
7979,1010,9,3,88,20,1:26.067,\N,\N,86.06700000000001,NA,20
7980,1011,844,6,16,1,1:28.495,1:28.046,1:27.866,88.495,88.04599999999999,1
7981,1011,20,6,5,2,1:28.733,1:28.356,1:28.160,88.733,88.356,2
7982,1011,1,131,44,3,1:29.262,1:28.578,1:28.190,89.262,88.578,3
7983,1011,822,131,77,4,1:29.498,1:28.830,1:28.256,89.498,88.83,5
7984,1011,830,9,33,5,1:29.579,1:29.109,1:28.752,89.57900000000001,89.10900000000001,9
7985,1011,825,210,20,6,1:29.532,1:29.017,1:28.757,89.532,89.017,8
7986,1011,832,1,55,7,1:29.528,1:29.055,1:28.813,89.52799999999999,89.055,7
7987,1011,154,210,8,8,1:29.688,1:29.249,1:29.015,89.688,89.249,10
7988,1011,8,51,7,9,1:29.959,1:29.471,1:29.022,89.959,89.471,15
7989,1011,846,1,4,10,1:29.381,1:29.258,1:29.043,89.381,89.258,4
7990,1011,817,4,3,11,1:29.859,1:29.488,\N,89.85900000000001,89.488,11
7991,1011,848,5,23,12,1:29.514,1:29.513,\N,89.514,89.513,6
7992,1011,842,9,10,13,1:29.900,1:29.526,\N,89.9,89.526,14
7993,1011,815,211,11,14,1:29.893,1:29.756,\N,89.893,89.756,13
7994,1011,826,5,26,15,1:29.876,1:29.854,\N,89.876,89.854,12
7995,1011,841,51,99,16,1:30.026,\N,\N,90.026,NA,16
7996,1011,807,4,27,17,1:30.034,\N,\N,90.03399999999999,NA,17
7997,1011,840,211,18,18,1:30.217,\N,\N,90.217,NA,18
7998,1011,847,3,63,19,1:31.759,\N,\N,91.759,NA,19
7999,1011,9,3,88,20,1:31.799,\N,\N,91.799,NA,20
8000,1012,822,131,77,1,1:32.658,1:31.728,1:31.547,92.658,91.72800000000001,1
8001,1012,1,131,44,2,1:33.115,1:31.637,1:31.570,93.11500000000001,91.637,3
8002,1012,20,6,5,3,1:33.557,1:32.232,1:31.848,93.557,92.232,5
8003,1012,844,6,16,4,1:32.712,1:32.324,1:31.865,92.712,92.324,2
8004,1012,830,9,33,5,1:33.274,1:32.369,1:32.089,93.274,92.369,4
8005,1012,842,9,10,6,1:33.863,1:32.948,1:32.930,93.863,92.94800000000001,11
8006,1012,817,4,3,7,1:33.709,1:33.214,1:32.958,93.709,93.214,8
8007,1012,807,4,27,8,1:33.644,1:33.968,1:32.962,93.644,93.968,6
8008,1012,825,210,20,9,1:34.036,1:33.150,NA,94.036,93.15,13
8009,1012,154,210,8,10,1:33.752,1:33.156,NA,93.75200000000001,93.156,9
8010,1012,826,5,26,11,1:33.783,1:33.236,NA,93.783,93.23599999999999,10
8011,1012,815,211,11,12,1:34.026,1:33.299,NA,94.02600000000001,93.299,12
8012,1012,8,51,7,13,1:34.125,1:33.419,NA,94.125,93.419,14
8013,1012,832,1,55,14,1:33.686,1:33.523,NA,93.686,93.523,7
8014,1012,846,1,4,15,1:34.148,1:33.967,NA,94.148,93.967,15
8015,1012,840,211,18,16,1:34.292,NA,NA,94.292,NA,16
8016,1012,847,3,63,17,1:35.253,NA,NA,95.253,NA,17
8017,1012,9,3,88,18,1:35.281,NA,NA,95.281,NA,18
8018,1013,822,131,77,1,1:42.026,1:41.500,1:40.495,102.02600000000001,101.5,5
8019,1013,1,131,44,2,1:41.614,1:41.580,1:40.554,101.614,101.58,2
8020,1013,20,6,5,3,1:42.042,1:41.889,1:40.797,102.042,101.88900000000001,6
8021,1013,830,9,33,4,1:41.727,1:41.388,1:41.069,101.727,101.388,3
8022,1013,815,211,11,5,1:42.249,1:41.870,1:41.593,102.249,101.87,9
8023,1013,826,5,26,6,1:42.324,1:42.221,1:41.681,102.324,102.221,10
8024,1013,846,1,4,7,1:42.371,1:42.084,1:41.886,102.37100000000001,102.084,11
8025,1013,841,51,99,8,1:42.140,1:42.381,1:42.424,102.14,102.381,7
8026,1013,844,6,16,9,1:41.426,1:41.995,NA,101.426,101.995,1
8027,1013,832,1,55,10,1:41.936,1:42.398,NA,101.936,102.398,4
8028,1013,817,4,3,11,1:42.486,1:42.477,NA,102.48599999999999,102.477,13
8029,1013,848,5,23,12,1:42.154,1:42.494,NA,102.154,102.494,8
8030,1013,825,210,20,13,1:42.382,1:42.699,NA,102.382,102.699,12
8031,1013,840,211,18,14,1:42.630,NA,NA,102.63,NA,14
8032,1013,154,210,8,15,1:43.407,NA,NA,103.407,NA,15
8033,1013,807,4,27,16,1:43.427,NA,NA,103.42699999999999,NA,16
8034,1013,847,3,63,17,1:45.062,NA,NA,105.062,NA,17
8035,1013,9,3,88,18,1:45.455,NA,NA,105.455,NA,18
8038,1014,822,131,77,1,1:16.979,1:15.924,1:15.406,76.979,75.924,1
8039,1014,1,131,44,2,1:17.292,1:16.038,1:16.040,77.292,76.038,3
8040,1014,20,6,5,3,1:17.425,1:16.667,1:16.272,77.425,76.667,5
8041,1014,830,9,33,4,1:17.244,1:16.726,1:16.357,77.244,76.726,2
8042,1014,844,6,16,5,1:17.388,1:16.714,1:16.588,77.388,76.714,4
8043,1014,842,9,10,6,1:17.862,1:16.932,1:16.708,77.862,76.932,10
8044,1014,154,210,8,7,1:18.042,1:17.066,1:16.911,78.042,77.066,12
8045,1014,825,210,20,8,1:17.669,1:17.272,1:16.922,77.669,77.27199999999999,7
8046,1014,826,5,26,9,1:17.914,1:17.243,1:17.573,77.914,77.243,11
8047,1014,817,4,3,10,1:18.385,1:17.299,1:18.106,78.385,77.299,15
8048,1014,846,1,4,11,1:17.611,1:17.338,\N,77.611,77.338,6
8049,1014,848,5,23,12,1:17.796,1:17.445,\N,77.79599999999999,77.445,9
8050,1014,832,1,55,13,1:17.760,1:17.599,\N,77.76,77.599,8
8051,1014,8,51,7,14,1:18.132,1:17.788,\N,78.132,77.788,13
8052,1014,815,211,11,15,1:18.286,1:17.886,\N,78.286,77.886,14
8053,1014,807,4,27,16,1:18.404,\N,\N,78.404,NA,16
8054,1014,840,211,18,17,1:18.471,\N,\N,78.471,NA,17
8055,1014,841,51,99,18,1:18.664,\N,\N,78.664,NA,18
8056,1014,847,3,63,19,1:19.072,\N,\N,79.072,NA,19
8057,1014,9,3,88,20,1:20.254,\N,\N,80.254,NA,20
8058,1015,1,131,44,1,1:11.542,1:10.835,1:10.166,71.542,70.83500000000001,2
8059,1015,822,131,77,2,1:11.562,1:10.701,1:10.252,71.562,70.701,3
8060,1015,830,9,33,3,1:11.597,1:10.618,1:10.641,71.597,70.618,4
8061,1015,20,6,5,4,1:11.434,1:11.227,1:10.947,71.434,71.227,1
8062,1015,842,9,10,5,1:11.740,1:11.457,1:11.041,71.74,71.457,6
8063,1015,825,210,20,6,1:11.865,1:11.363,1:11.109,71.865,71.363,10
8064,1015,817,4,3,7,1:11.767,1:11.543,1:11.218,71.767,71.543,7
8065,1015,826,5,26,8,1:11.602,1:11.412,1:11.271,71.602,71.412,5
8066,1015,832,1,55,9,1:11.872,1:11.608,1:11.417,71.872,71.608,11
8067,1015,848,5,23,10,1:12.007,1:11.429,1:11.653,72.007,71.429,14
8068,1015,807,4,27,11,1:12.097,1:11.670,\N,72.097,71.67,15
8069,1015,846,1,4,12,1:11.845,1:11.724,\N,71.845,71.724,9
8070,1015,154,210,8,13,1:11.837,1:12.027,\N,71.837,72.027,8
8071,1015,8,51,7,14,1:11.993,1:12.115,\N,71.993,72.115,13
8072,1015,841,51,99,15,1:11.976,1:12.185,\N,71.976,72.185,12
8073,1015,844,6,16,16,1:12.149,\N,\N,72.149,NA,16
8074,1015,815,211,11,17,1:12.233,\N,\N,72.233,NA,17
8075,1015,840,211,18,18,1:12.846,\N,\N,72.846,NA,18
8076,1015,847,3,63,19,1:13.477,\N,\N,73.477,NA,19
8077,1015,9,3,88,20,1:13.751,\N,\N,73.751,NA,20
8078,1016,20,6,5,1,1:11.200,1:11.142,1:10.240,71.2,71.142,1
8079,1016,1,131,44,2,1:11.518,1:11.010,1:10.446,71.518,71.01,4
8080,1016,844,6,16,3,1:11.214,1:11.205,1:10.920,71.214,71.205,2
8081,1016,817,4,3,4,1:11.837,1:11.532,1:11.071,71.837,71.532,9
8082,1016,842,9,10,5,1:12.023,1:11.196,1:11.079,72.023,71.196,12
8083,1016,822,131,77,6,1:11.229,1:11.095,1:11.101,71.229,71.095,3
8084,1016,807,4,27,7,1:11.720,1:11.553,1:11.324,71.72,71.553,6
8085,1016,846,1,4,8,1:11.780,1:11.735,1:11.863,71.78,71.735,8
8086,1016,832,1,55,9,1:11.750,1:11.572,1:13.981,71.75,71.572,7
8087,1016,825,210,20,10,1:12.107,1:11.786,\N,72.107,71.786,13
8088,1016,830,9,33,11,1:11.619,1:11.800,\N,71.619,71.8,5
8089,1016,826,5,26,12,1:11.965,1:11.921,\N,71.965,71.92099999999999,10
8090,1016,841,51,99,13,1:12.122,1:12.136,\N,72.122,72.136,15
8091,1016,848,5,23,14,1:12.020,1:12.193,\N,72.02,72.193,11
8092,1016,154,210,8,15,1:12.109,\N,\N,72.109,NA,14
8093,1016,815,211,11,16,1:12.197,\N,\N,72.197,NA,16
8094,1016,8,51,7,17,1:12.230,\N,\N,72.23,NA,17
8095,1016,840,211,18,18,1:12.266,\N,\N,72.266,NA,18
8096,1016,847,3,63,19,1:13.617,\N,\N,73.617,NA,19
8097,1016,9,3,88,20,1:14.393,\N,\N,74.393,NA,20
8098,1017,1,131,44,1,1:30.609,1:29.520,1:28.319,90.60900000000001,89.52,2
8099,1017,822,131,77,2,1:30.550,1:29.437,1:28.605,90.55,89.437,1
8100,1017,844,6,16,3,1:30.647,1:29.699,1:28.965,90.64699999999999,89.699,3
8101,1017,830,9,33,4,1:31.327,1:30.099,1:29.409,91.327,90.099,14
8102,1017,846,1,4,5,1:30.989,1:30.019,1:29.418,90.989,90.019,8
8103,1017,832,1,55,6,1:31.073,1:30.319,1:29.522,91.07300000000001,90.319,9
8104,1017,20,6,5,7,1:31.075,1:29.506,1:29.799,91.075,89.506,10
8105,1017,817,4,3,8,1:30.954,1:30.369,1:29.918,90.95400000000001,90.369,5
8106,1017,842,9,10,9,1:31.152,1:30.421,1:30.184,91.152,90.42099999999999,11
8107,1017,841,51,99,10,1:31.180,1:30.408,1:33.420,91.18,90.408,13
8108,1017,848,5,23,11,1:31.445,1:30.461,\N,91.445,90.461,15
8109,1017,8,51,7,12,1:30.972,1:30.533,\N,90.97200000000001,90.533,7
8110,1017,807,4,27,13,1:30.865,1:30.544,\N,90.865,90.544,4
8111,1017,815,211,11,14,1:30.964,1:30.738,\N,90.964,90.738,6
8112,1017,825,210,20,15,1:31.166,1:31.440,\N,91.166,91.44,12
8113,1017,826,5,26,16,1:31.564,\N,\N,91.564,NA,16
8114,1017,154,210,8,17,1:31.626,\N,\N,91.626,NA,17
8115,1017,840,211,18,18,1:31.726,\N,\N,91.726,NA,18
8116,1017,847,3,63,19,1:32.789,\N,\N,92.789,NA,19
8117,1017,9,3,88,20,1:33.205,\N,\N,93.205,NA,20
8118,1018,844,6,16,1,1:04.138,1:03.378,1:03.003,64.138,63.378,4
8119,1018,1,131,44,2,1:03.818,1:03.803,1:03.262,63.818,63.803,2
8120,1018,830,9,33,3,1:03.807,1:03.835,1:03.439,63.807,63.835,1
8121,1018,822,131,77,4,1:04.084,1:03.863,1:03.537,64.084,63.863,3
8122,1018,825,210,20,5,1:04.778,1:04.466,1:04.072,64.778,64.466,15
8123,1018,846,1,4,6,1:04.361,1:04.211,1:04.099,64.361,64.211,5
8124,1018,8,51,7,7,1:04.615,1:04.056,1:04.166,64.615,64.056,11
8125,1018,841,51,99,8,1:04.450,1:04.194,1:04.179,64.45,64.194,8
8126,1018,842,9,10,9,1:04.412,1:03.988,1:04.199,64.412,63.988,6
8127,1018,20,6,5,10,1:04.430,1:03.667,\N,64.43,63.667,7
8128,1018,154,210,8,11,1:04.552,1:04.490,\N,64.55199999999999,64.49,10
8129,1018,807,4,27,12,1:04.733,1:04.516,\N,64.733,64.516,14
8130,1018,848,5,23,13,1:04.708,1:04.665,\N,64.708,64.665,13
8131,1018,817,4,3,14,1:04.647,1:04.790,\N,64.647,64.79,12
8132,1018,832,1,55,15,1:04.453,1:13.601,\N,64.453,73.601,9
8133,1018,815,211,11,16,1:04.789,\N,\N,64.789,NA,16
8134,1018,840,211,18,17,1:04.832,\N,\N,64.832,NA,17
8135,1018,826,5,26,18,1:05.324,\N,\N,65.324,NA,18
8136,1018,847,3,63,19,1:05.904,\N,\N,65.904,NA,19
8137,1018,9,3,88,20,1:06.206,\N,\N,66.206,NA,20
8138,1019,822,131,77,1,1:25.750,1:25.672,1:25.093,85.75,85.672,4
8139,1019,1,131,44,2,1:25.513,1:25.840,1:25.099,85.513,85.84,1
8140,1019,844,6,16,3,1:25.533,1:25.546,1:25.172,85.533,85.54599999999999,2
8141,1019,830,9,33,4,1:25.700,1:25.848,1:25.276,85.7,85.848,3
8142,1019,842,9,10,5,1:26.273,1:26.038,1:25.590,86.273,86.038,8
8143,1019,20,6,5,6,1:25.898,1:26.023,1:25.787,85.898,86.023,5
8144,1019,817,4,3,7,1:26.428,1:26.283,1:26.182,86.428,86.283,10
8145,1019,846,1,4,8,1:26.079,1:26.385,1:26.224,86.07900000000001,86.385,6
8146,1019,848,5,23,9,1:26.482,1:26.403,1:26.345,86.482,86.40299999999999,12
8147,1019,807,4,27,10,1:26.568,1:26.397,1:26.386,86.568,86.39699999999999,14
8148,1019,841,51,99,11,1:26.449,1:26.519,\N,86.449,86.519,11
8149,1019,8,51,7,12,1:26.558,1:26.546,\N,86.55799999999999,86.54599999999999,13
8150,1019,832,1,55,13,1:26.203,1:26.578,\N,86.203,86.578,7
8151,1019,154,210,8,14,1:26.347,1:26.757,\N,86.34700000000001,86.757,9
8152,1019,815,211,11,15,1:26.649,1:26.928,\N,86.649,86.928,15
8153,1019,825,210,20,16,1:26.662,\N,\N,86.662,NA,16
8154,1019,826,5,26,17,1:26.721,\N,\N,86.721,NA,17
8155,1019,840,211,18,18,1:26.762,\N,\N,86.762,NA,18
8156,1019,847,3,63,19,1:27.789,\N,\N,87.789,NA,19
8157,1019,9,3,88,20,1:28.257,\N,\N,88.257,NA,20
8158,1020,1,131,44,1,1:12.852,1:12.149,1:11.767,72.852,72.149,3
8159,1020,830,9,33,2,1:12.593,1:12.427,1:12.113,72.593,72.42699999999999,2
8160,1020,822,131,77,3,1:13.075,1:12.424,1:12.129,73.075,72.424,6
8161,1020,842,9,10,4,1:12.991,1:12.385,1:12.522,72.991,72.385,4
8162,1020,8,51,7,5,1:13.066,1:12.519,1:12.538,73.066,72.519,5
8163,1020,154,210,8,6,1:13.146,1:12.769,1:12.851,73.146,72.769,9
8164,1020,832,1,55,7,1:13.221,1:12.632,1:12.897,73.221,72.632,13
8165,1020,815,211,11,8,1:13.194,1:12.776,1:13.065,73.194,72.776,12
8166,1020,807,4,27,9,1:13.186,1:12.766,1:13.126,73.186,72.766,11
8167,1020,844,6,16,10,1:12.229,1:12.344,NA,72.229,72.344,1
8168,1020,841,51,99,11,1:13.170,1:12.786,NA,73.17,72.786,10
8169,1020,825,210,20,12,1:13.103,1:12.789,NA,73.103,72.789,7
8170,1020,817,4,3,13,1:13.131,1:12.799,NA,73.131,72.799,8
8171,1020,826,5,26,14,1:13.278,1:13.135,NA,73.278,73.135,15
8172,1020,840,211,18,15,1:13.256,1:13.450,NA,73.256,73.45,14
8173,1020,846,1,4,16,1:13.333,NA,NA,73.333,NA,16
8174,1020,848,5,23,17,1:13.461,NA,NA,73.461,NA,17
8175,1020,847,3,63,18,1:14.721,NA,NA,74.721,NA,18
8176,1020,9,3,88,19,1:14.839,NA,NA,74.839,NA,19
8178,1021,830,9,33,1,1:15.817,1:15.573,1:14.572,75.81700000000001,75.57300000000001,1
8179,1021,822,131,77,2,1:16.078,1:15.669,1:14.590,76.078,75.669,3
8180,1021,1,131,44,3,1:16.068,1:15.548,1:14.769,76.068,75.548,2
8181,1021,844,6,16,4,1:16.337,1:15.792,1:15.043,76.337,75.792,5
8182,1021,20,6,5,5,1:16.452,1:15.885,1:15.071,76.452,75.885,6
8183,1021,842,9,10,6,1:16.716,1:16.393,1:15.450,76.71600000000001,76.393,10
8184,1021,846,1,4,7,1:16.697,1:16.060,1:15.800,76.697,76.06,9
8185,1021,832,1,55,8,1:16.493,1:16.308,1:15.852,76.493,76.30799999999999,7
8186,1021,154,210,8,9,1:16.978,1:16.319,1:16.013,76.97800000000001,76.319,15
8187,1021,8,51,7,10,1:16.506,1:16.518,1:16.041,76.506,76.518,8
8188,1021,807,4,27,11,1:16.790,1:16.565,\N,76.78999999999999,76.565,12
8189,1021,848,5,23,12,1:16.912,1:16.687,\N,76.912,76.687,14
8190,1021,826,5,26,13,1:16.750,1:16.692,\N,76.75,76.69200000000001,11
8191,1021,841,51,99,14,1:16.894,1:16.804,\N,76.894,76.804,13
8192,1021,825,210,20,15,1:16.122,1:17.081,\N,76.122,77.081,4
8193,1021,847,3,63,16,1:17.031,\N,\N,77.031,NA,16
8194,1021,815,211,11,17,1:17.109,\N,\N,77.10900000000001,NA,17
8195,1021,817,4,3,18,1:17.257,\N,\N,77.257,NA,18
8196,1021,840,211,18,19,1:17.542,\N,\N,77.542,NA,19
8197,1021,9,3,88,20,1:18.324,\N,\N,78.324,NA,20
8198,1022,844,6,16,1,1:43.587,1:42.938,1:42.519,103.587,102.938,1
8199,1022,20,6,5,2,1:44.109,1:43.037,1:43.267,104.10900000000001,103.037,2
8200,1022,1,131,44,3,1:45.260,1:43.592,1:43.282,105.25999999999999,103.592,5
8201,1022,822,131,77,4,1:45.141,1:43.980,1:43.415,105.14099999999999,103.97999999999999,4
8202,1022,830,9,33,5,1:44.622,1:44.132,1:43.690,104.622,104.132,3
8203,1022,817,4,3,6,1:45.560,1:44.103,1:44.257,105.56,104.10300000000001,7
8204,1022,807,4,27,7,1:45.899,1:44.549,1:44.542,105.899,104.549,13
8205,1022,8,51,7,8,1:45.842,1:44.140,1:44.557,105.842,104.14,12
8206,1022,815,211,11,9,1:45.732,1:44.707,1:44.706,105.732,104.707,10
8207,1022,825,210,20,10,1:45.839,1:44.738,1:45.086,105.839,104.738,11
8208,1022,154,210,8,11,1:45.694,1:44.797,NA,105.694,104.797,9
8209,1022,846,1,4,12,1:46.154,1:44.847,NA,106.154,104.84700000000001,15
8210,1022,840,211,18,13,1:46.000,1:45.047,NA,106,105.047,14
8211,1022,848,9,23,14,1:45.528,1:45.799,NA,105.52799999999999,105.799,6
8212,1022,841,51,99,15,1:45.637,NA,NA,105.637,NA,8
8213,1022,842,5,10,16,1:46.435,NA,NA,106.435,NA,16
8214,1022,832,1,55,17,1:46.507,NA,NA,106.507,NA,17
8215,1022,826,5,26,18,1:46.518,NA,NA,106.518,NA,18
8216,1022,847,3,63,19,1:47.548,NA,NA,107.548,NA,19
8218,1023,844,6,16,1,1:20.126,1:19.553,1:19.307,80.126,79.553,1
8219,1023,1,131,44,2,1:20.272,1:19.464,1:19.346,80.27199999999999,79.464,4
8220,1023,822,131,77,3,1:20.156,1:20.018,1:19.354,80.156,80.018,3
8221,1023,20,6,5,4,1:20.378,1:19.715,1:19.457,80.378,79.715,6
8222,1023,817,4,3,5,1:20.374,1:19.833,1:19.839,80.374,79.833,5
8223,1023,807,4,27,6,1:20.155,1:20.275,1:20.049,80.155,80.275,2
8224,1023,832,1,55,7,1:20.413,1:20.202,1:20.455,80.413,80.202,8
8225,1023,848,9,23,8,1:20.382,1:20.021,NA,80.382,80.021,7
8226,1023,840,211,18,9,1:20.643,1:20.498,NA,80.643,80.498,12
8227,1023,8,51,7,10,1:20.634,1:20.515,NA,80.634,80.515,11
8228,1023,841,51,99,11,1:20.657,1:20.517,NA,80.657,80.517,14
8229,1023,825,210,20,12,1:20.616,1:20.615,NA,80.616,80.615,10
8230,1023,826,5,26,13,1:20.723,1:20.630,NA,80.723,80.63,15
8231,1023,846,1,4,14,1:20.646,1:21.068,NA,80.646,81.068,13
8232,1023,842,5,10,15,1:20.508,1:21.125,NA,80.508,81.125,9
8233,1023,154,210,8,16,1:20.784,NA,NA,80.78399999999999,NA,16
8234,1023,815,211,11,17,1:21.291,NA,NA,81.291,NA,17
8235,1023,847,3,63,18,1:21.800,NA,NA,81.8,NA,18
8236,1023,9,3,88,19,1:22.356,NA,NA,82.356,NA,19
8238,1024,844,6,16,1,1:38.014,1:36.650,1:36.217,98.01400000000001,96.65,3
8239,1024,1,131,44,2,1:37.565,1:36.933,1:36.408,97.565,96.93299999999999,2
8240,1024,20,6,5,3,1:38.374,1:36.720,1:36.437,98.374,96.72,4
8241,1024,830,9,33,4,1:38.540,1:37.089,1:36.813,98.53999999999999,97.089,5
8242,1024,822,131,77,5,1:37.317,1:37.142,1:37.146,97.31700000000001,97.142,1
8243,1024,848,9,23,6,1:39.106,1:37.865,1:37.411,99.106,97.86500000000001,10
8244,1024,832,1,55,7,1:38.882,1:37.982,1:37.818,98.882,97.982,7
8245,1024,807,4,27,8,1:39.001,1:38.580,1:38.264,99.001,98.58,8
8246,1024,846,1,4,9,1:38.606,1:37.572,1:38.329,98.606,97.572,6
8247,1024,815,211,11,10,1:39.909,1:38.520,NA,99.90899999999999,98.52000000000001,13
8248,1024,841,51,99,11,1:39.272,1:38.697,NA,99.27199999999999,98.697,11
8249,1024,842,5,10,12,1:39.085,1:38.699,NA,99.08500000000001,98.699,9
8250,1024,8,51,7,13,1:39.454,1:38.858,NA,99.45400000000001,98.858,12
8251,1024,825,210,20,14,1:39.942,1:39.650,NA,99.94200000000001,99.65,14
8252,1024,826,5,26,15,1:39.957,NA,NA,99.957,NA,15
8253,1024,840,211,18,16,1:39.979,NA,NA,99.979,NA,16
8254,1024,154,210,8,17,1:40.277,NA,NA,100.277,NA,17
8255,1024,847,3,63,18,1:40.867,NA,NA,100.86699999999999,NA,18
8256,1024,9,3,88,19,1:41.186,NA,NA,101.186,NA,19
8258,1025,844,6,16,1,1:33.613,1:32.434,1:31.628,93.613,92.434,5
8259,1025,1,131,44,2,1:33.230,1:33.134,1:32.030,93.22999999999999,93.134,2
8260,1025,20,6,5,3,1:33.032,1:32.536,1:32.053,93.032,92.536,1
8261,1025,830,9,33,4,1:33.368,1:32.634,1:32.310,93.368,92.634,3
8262,1025,822,131,77,5,1:33.413,1:33.281,1:32.632,93.413,93.281,4
8263,1025,832,1,55,6,1:34.184,1:33.807,1:33.222,94.184,93.807,8
8264,1025,807,4,27,7,1:34.236,1:33.898,1:33.289,94.23599999999999,93.898,10
8265,1025,846,1,4,8,1:34.201,1:33.725,1:33.301,94.201,93.725,9
8266,1025,154,210,8,9,1:34.283,1:33.643,1:33.517,94.283,93.643,11
8267,1025,817,4,3,10,1:34.138,1:33.862,1:33.661,94.138,93.862,7
8268,1025,842,5,10,11,1:34.456,1:33.950,NA,94.456,93.95,14
8269,1025,815,211,11,12,1:34.336,1:33.958,NA,94.336,93.958,13
8270,1025,841,51,99,13,1:34.755,1:34.037,NA,94.755,94.037,15
8271,1025,825,210,20,14,1:33.889,1:34.082,NA,93.88900000000001,94.082,6
8272,1025,840,211,18,15,1:34.287,1:34.233,NA,94.287,94.233,12
8273,1025,8,51,7,16,1:34.840,NA,NA,94.84,NA,16
8274,1025,847,3,63,17,1:35.356,NA,NA,95.356,NA,17
8275,1025,9,3,88,18,1:36.474,NA,NA,96.47399999999999,NA,18
8276,1025,848,9,23,19,1:39.197,NA,NA,99.197,NA,19
8277,1025,826,5,26,20,1:39.544,NA,NA,99.544,NA,20
8278,1026,20,6,5,1,1:28.988,1:28.174,1:27.064,88.988,88.174,6
8279,1026,844,6,16,2,1:28.405,1:28.179,1:27.253,88.405,88.179,1
8280,1026,822,131,77,3,1:28.896,1:27.688,1:27.293,88.896,87.688,5
8281,1026,1,131,44,4,1:28.735,1:27.826,1:27.302,88.735,87.826,2
8282,1026,830,9,33,5,1:28.754,1:28.499,1:27.851,88.754,88.499,3
8283,1026,848,9,23,6,1:29.351,1:28.156,1:27.851,89.351,88.156,8
8284,1026,832,1,55,7,1:29.018,1:28.577,1:28.304,89.018,88.577,7
8285,1026,846,1,4,8,1:28.873,1:28.571,1:28.464,88.873,88.571,4
8286,1026,842,5,10,9,1:29.411,1:28.779,1:28.836,89.411,88.779,9
8287,1026,154,210,8,10,1:29.572,1:29.144,1:29.341,89.572,89.144,10
8288,1026,841,51,99,11,1:29.604,1:29.254,NA,89.604,89.254,12
8289,1026,840,211,18,12,1:29.594,1:29.345,NA,89.594,89.345,11
8290,1026,8,51,7,13,1:29.636,1:29.358,NA,89.636,89.358,14
8291,1026,826,5,26,14,1:29.723,1:29.563,NA,89.723,89.563,15
8292,1026,807,4,27,15,1:29.619,1:30.112,NA,89.619,90.112,13
8293,1026,817,4,3,16,1:29.822,NA,NA,89.822,NA,16
8294,1026,815,211,11,17,1:30.344,NA,NA,90.344,NA,17
8295,1026,847,3,63,18,1:30.364,NA,NA,90.364,NA,18
8298,1027,830,9,33,1,1:15.949,1:16.136,1:14.758,75.949,76.136,1
8299,1027,844,6,16,2,1:16.364,1:16.219,1:15.024,76.364,76.219,3
8300,1027,20,6,5,3,1:16.696,1:15.914,1:15.170,76.696,75.914,5
8301,1027,1,131,44,4,1:16.424,1:15.721,1:15.262,76.424,75.721,4
8302,1027,848,9,23,5,1:16.175,1:16.574,1:15.336,76.175,76.574,2
8303,1027,822,131,77,6,1:17.062,1:15.852,1:15.338,77.062,75.852,8
8304,1027,832,1,55,7,1:17.044,1:16.267,1:16.014,77.044,76.267,7
8305,1027,846,1,4,8,1:17.092,1:16.447,1:16.322,77.092,76.447,10
8306,1027,826,5,26,9,1:17.041,1:16.657,1:16.469,77.041,76.657,6
8307,1027,842,5,10,10,1:17.065,1:16.679,1:16.586,77.065,76.679,9
8308,1027,815,211,11,11,1:17.465,1:16.687,\N,77.465,76.687,13
8309,1027,807,4,27,12,1:17.608,1:16.885,\N,77.608,76.885,14
8310,1027,817,4,3,13,1:17.270,1:16.933,\N,77.27,76.93299999999999,12
8311,1027,8,51,7,14,1:17.225,1:16.967,\N,77.225,76.967,11
8312,1027,841,51,99,15,1:17.794,1:17.269,\N,77.794,77.269,15
8313,1027,840,211,18,16,1:18.065,\N,\N,78.065,NA,16
8314,1027,825,210,20,17,1:18.436,\N,\N,78.436,NA,17
8315,1027,154,210,8,18,1:18.599,\N,\N,78.599,NA,18
8316,1027,847,3,63,19,1:18.823,\N,\N,78.82300000000001,NA,19
8317,1027,9,3,88,20,1:20.179,\N,\N,80.179,NA,20
8318,1028,822,131,77,1,1:33.750,1:33.160,1:32.029,93.75,93.16,5
8319,1028,20,6,5,2,1:33.766,1:33.782,1:32.041,93.76599999999999,93.782,6
8320,1028,830,9,33,3,1:33.549,1:33.120,1:32.096,93.549,93.12,3
8321,1028,844,6,16,4,1:33.988,1:32.760,1:32.137,93.988,92.75999999999999,12
8322,1028,1,131,44,5,1:33.454,1:33.045,1:32.321,93.45400000000001,93.045,2
8323,1028,848,9,23,6,1:33.984,1:32.898,1:32.548,93.98400000000001,92.898,11
8324,1028,832,1,55,7,1:33.916,1:33.422,1:32.847,93.916,93.422,9
8325,1028,846,1,4,8,1:33.353,1:33.316,1:33.175,93.35300000000001,93.316,1
8326,1028,817,4,3,9,1:33.835,1:33.608,1:33.488,93.83500000000001,93.608,8
8327,1028,842,5,10,10,1:33.556,1:33.715,1:33.601,93.556,93.715,4
8328,1028,807,4,27,11,1:34.092,1:33.815,\N,94.092,93.815,13
8329,1028,825,210,20,12,1:33.812,1:33.979,\N,93.812,93.979,7
8330,1028,826,5,26,13,1:34.138,1:33.989,\N,94.138,93.989,14
8331,1028,840,211,18,14,1:33.921,1:34.100,\N,93.92099999999999,94.1,10
8332,1028,154,210,8,15,1:34.161,1:34.158,\N,94.161,94.158,15
8333,1028,841,51,99,16,1:34.226,\N,\N,94.226,NA,16
8334,1028,8,51,7,17,1:34.369,\N,\N,94.369,NA,17
8335,1028,847,3,63,18,1:35.372,\N,\N,95.372,NA,18
8336,1028,815,211,11,19,1:35.808,\N,\N,95.80799999999999,NA,19
8337,1028,9,3,88,20,1:35.889,\N,\N,95.88900000000001,NA,20
8338,1029,830,9,33,1,1:08.242,1:07.503,1:07.508,68.242,67.503,1
8339,1029,20,6,5,2,1:08.556,1:08.050,1:07.631,68.556,68.05,5
8340,1029,1,131,44,3,1:08.614,1:08.088,1:07.699,68.614,68.088,6
8341,1029,844,6,16,4,1:08.496,1:07.888,1:07.728,68.496,67.888,2
8342,1029,822,131,77,5,1:08.545,1:08.232,1:07.874,68.545,68.232,4
8343,1029,848,9,23,6,1:08.503,1:08.117,1:07.935,68.503,68.117,3
8344,1029,842,5,10,7,1:08.909,1:08.770,1:08.837,68.909,68.77,9
8345,1029,154,210,8,8,1:09.197,1:08.705,1:08.854,69.197,68.705,13
8346,1029,8,51,7,9,1:09.276,1:08.858,1:08.984,69.276,68.858,14
8347,1029,825,210,20,10,1:08.875,1:08.803,1:09.037,68.875,68.803,7
8348,1029,846,1,4,11,1:08.891,1:08.868,NA,68.891,68.868,8
8349,1029,817,4,3,12,1:09.086,1:08.903,NA,69.086,68.903,11
8350,1029,841,51,99,13,1:09.175,1:08.919,NA,69.175,68.919,12
8351,1029,807,4,27,14,1:09.050,1:08.921,NA,69.05,68.92099999999999,10
8352,1029,815,211,11,15,1:09.288,1:09.035,NA,69.288,69.035,15
8353,1029,826,5,26,16,1:09.320,NA,NA,69.32,NA,16
8354,1029,840,211,18,17,1:09.536,NA,NA,69.536,NA,17
8355,1029,847,3,63,18,1:10.126,NA,NA,70.126,NA,18
8356,1029,9,3,88,19,1:10.614,NA,NA,70.614,NA,19
8358,1030,1,131,44,1,1:35.851,1:35.634,1:34.779,95.851,95.634,1
8359,1030,822,131,77,2,1:36.200,1:35.674,1:34.973,96.2,95.674,3
8360,1030,830,9,33,3,1:36.390,1:36.275,1:35.139,96.39,96.275,4
8361,1030,844,6,16,4,1:36.478,1:35.543,1:35.219,96.47800000000001,95.543,5
8362,1030,20,6,5,5,1:36.963,1:35.786,1:35.339,96.963,95.786,7
8363,1030,848,9,23,6,1:36.102,1:36.718,1:35.682,96.102,96.718,2
8364,1030,846,1,4,7,1:37.545,1:36.764,1:36.436,97.545,96.76400000000001,13
8365,1030,817,4,3,8,1:37.106,1:36.785,1:36.456,97.106,96.785,8
8366,1030,832,1,55,9,1:37.358,1:36.308,1:36.459,97.358,96.30799999999999,10
8367,1030,807,4,27,10,1:37.506,1:36.859,1:36.710,97.506,96.85900000000001,11
8368,1030,815,211,11,11,1:36.961,1:37.055,\N,96.961,97.055,6
8369,1030,842,5,10,12,1:37.198,1:37.089,\N,97.19800000000001,97.089,9
8370,1030,840,211,18,13,1:37.528,1:37.103,\N,97.52799999999999,97.10300000000001,12
8371,1030,826,5,26,14,1:37.683,1:37.141,\N,97.68299999999999,97.14099999999999,14
8372,1030,825,210,20,15,1:37.710,1:37.254,\N,97.71000000000001,97.25399999999999,15
8373,1030,154,210,8,16,1:38.051,\N,\N,98.051,NA,16
8374,1030,841,51,99,17,1:38.114,\N,\N,98.114,NA,17
8375,1030,8,51,7,18,1:38.383,\N,\N,98.38300000000001,NA,18
8376,1030,847,3,63,19,1:38.717,\N,\N,98.717,NA,19
8377,1030,9,3,88,20,1:39.236,\N,\N,99.23599999999999,NA,20
8378,1031,822,131,77,1,1:04.111,1:03.015,1:02.939,64.111,63.015,2
8379,1031,1,131,44,2,1:04.198,1:03.096,1:02.951,64.19800000000001,63.096000000000004,3
8380,1031,830,9,33,3,1:04.024,1:04.000,1:03.477,64.024,64,1
8381,1031,846,1,4,4,1:04.606,1:03.819,1:03.626,64.606,63.819,11
8382,1031,848,9,23,5,1:04.661,1:03.746,1:03.868,64.661,63.746,12
8383,1031,815,211,11,6,1:04.543,1:03.860,1:03.868,64.543,63.86,7
8384,1031,844,6,16,7,1:04.500,1:04.041,1:03.923,64.5,64.041,5
8385,1031,832,1,55,8,1:04.537,1:03.971,1:03.971,64.537,63.971000000000004,6
8386,1031,840,211,18,9,1:04.309,1:03.955,1:04.029,64.309,63.955,4
8387,1031,817,4,3,10,1:04.556,1:04.023,1:04.239,64.556,64.023,9
8388,1031,20,6,5,11,1:04.554,1:04.206,\N,64.554,64.206,8
8389,1031,842,213,10,12,1:04.603,1:04.305,\N,64.603,64.305,10
8390,1031,826,213,26,13,1:05.031,1:04.431,\N,65.031,64.431,14
8391,1031,839,4,31,14,1:04.933,1:04.643,\N,64.93299999999999,64.643,13
8392,1031,154,210,8,15,1:05.094,1:04.691,\N,65.094,64.691,15
8393,1031,825,210,20,16,1:05.164,\N,\N,65.164,NA,16
8394,1031,847,3,63,17,1:05.167,\N,\N,65.167,NA,17
8395,1031,841,51,99,18,1:05.175,\N,\N,65.175,NA,18
8396,1031,8,51,7,19,1:05.224,\N,\N,65.224,NA,19
8397,1031,849,3,6,20,1:05.757,\N,\N,65.757,NA,20
8398,1032,1,131,44,1,1:18.188,1:17.825,1:19.273,78.188,77.825,1
8399,1032,830,9,33,2,1:18.297,1:17.938,1:20.489,78.297,77.938,2
8400,1032,832,1,55,3,1:18.590,1:18.836,1:20.671,78.59,78.836,4
8401,1032,822,131,77,4,1:18.791,1:18.657,1:20.701,78.791,78.657,5
8402,1032,839,4,31,5,1:19.687,1:18.764,1:20.922,79.687,78.764,7
8403,1032,846,1,4,6,1:18.504,1:18.448,1:20.925,78.504,78.44800000000001,3
8404,1032,848,9,23,7,1:20.882,1:19.014,1:21.011,80.882,79.014,14
8405,1032,842,213,10,8,1:20.192,1:18.744,1:21.028,80.19200000000001,78.744,10
8406,1032,817,4,3,9,1:19.662,1:19.229,1:21.192,79.662,79.229,6
8407,1032,20,6,5,10,1:20.243,1:19.545,1:21.651,80.243,79.545,11
8408,1032,844,6,16,11,1:20.871,1:19.628,\N,80.871,79.628,13
8409,1032,847,3,63,12,1:20.382,1:19.636,\N,80.382,79.636,12
8410,1032,840,211,18,13,1:19.697,1:19.645,\N,79.697,79.645,8
8411,1032,826,213,26,14,1:19.824,1:19.717,\N,79.824,79.717,9
8412,1032,825,210,20,15,1:21.140,1:20.211,\N,81.14,80.211,15
8413,1032,8,51,7,16,1:21.140,\N,\N,81.14,NA,15
8414,1032,815,211,11,17,1:21.607,\N,\N,81.607,NA,17
8415,1032,849,3,6,18,1:21.759,\N,\N,81.759,NA,18
8416,1032,841,51,99,19,1:21.831,\N,\N,81.831,NA,19
8418,1033,822,131,77,2,1:15.474,1:14.530,1:13.554,75.474,74.53,7
8419,1033,840,211,18,3,1:14.895,1:15.176,1:14.377,74.895,75.176,2
8420,1033,815,211,11,4,1:14.681,1:15.394,1:14.545,74.681,75.394,1
8421,1033,20,6,5,5,1:15.455,1:15.131,1:14.774,75.455,75.131,6
8422,1033,844,6,16,6,1:15.793,1:15.006,1:14.817,75.793,75.006,13
8423,1033,830,9,33,7,1:15.495,1:14.976,1:14.849,75.495,74.976,8
8424,1033,846,1,4,8,1:15.444,1:15.085,1:14.966,75.444,75.08500000000001,5
8425,1033,832,1,55,9,1:15.281,1:15.267,1:15.027,75.281,75.267,4
8426,1033,842,213,10,10,1:15.767,1:15.508,\N,75.767,75.508,12
8427,1033,817,4,3,11,1:15.848,1:15.661,\N,75.848,75.661,14
8428,1033,847,3,63,12,1:15.585,1:15.698,\N,75.58500000000001,75.69800000000001,9
8429,1033,848,9,23,13,1:15.722,1:15.715,\N,75.722,75.715,11
8430,1033,839,4,31,14,1:15.719,1:15.742,\N,75.719,75.742,10
8431,1033,849,3,6,15,1:16.105,1:16.544,\N,76.105,76.544,15
8432,1033,825,210,20,16,1:16.152,\N,\N,76.152,NA,16
8433,1033,826,213,26,17,1:16.204,\N,\N,76.20400000000001,NA,17
8434,1033,154,210,8,18,1:16.407,\N,\N,76.407,NA,18
8435,1033,841,51,99,19,1:16.506,\N,\N,76.506,NA,19
8436,1033,8,51,7,20,1:16.614,\N,\N,76.614,NA,20
8437,1033,1,131,44,1,1:14.907,1:14.261,1:13.447,74.907,74.261,3
8438,1034,1,131,44,1,1:25.900,1:25.347,1:24.303,85.9,85.34700000000001,2
8439,1034,822,131,77,2,1:25.801,1:25.015,1:24.616,85.801,85.015,1
8440,1034,830,9,33,3,1:26.115,1:26.144,1:25.325,86.115,86.144,3
8441,1034,844,6,16,4,1:26.550,1:26.203,1:25.427,86.55,86.203,9
8442,1034,846,1,4,5,1:26.855,1:26.420,1:25.782,86.855,86.42,15
8443,1034,840,211,18,6,1:26.243,1:26.501,1:25.839,86.243,86.501,4
8444,1034,832,1,55,7,1:26.715,1:26.149,1:25.965,86.715,86.149,12
8445,1034,817,4,3,8,1:26.677,1:26.339,1:26.009,86.67699999999999,86.339,11
8446,1034,839,4,31,9,1:26.396,1:26.252,1:26.209,86.396,86.252,7
8447,1034,20,6,5,10,1:26.469,1:26.455,1:26.339,86.469,86.455,8
8448,1034,842,213,10,11,1:26.343,1:26.501,\N,86.343,86.501,6
8449,1034,848,9,23,12,1:26.565,1:26.545,\N,86.565,86.545,10
8450,1034,807,211,27,13,1:26.327,1:26.566,\N,86.327,86.566,5
8451,1034,826,213,26,14,1:26.774,1:26.744,\N,86.774,86.744,14
8452,1034,847,3,63,15,1:26.732,1:27.092,\N,86.732,87.092,13
8453,1034,825,210,20,16,1:27.158,\N,\N,87.158,NA,16
8454,1034,841,51,99,17,1:27.164,\N,\N,87.164,NA,17
8455,1034,8,51,7,18,1:27.366,\N,\N,87.366,NA,18
8456,1034,154,210,8,19,1:27.643,\N,\N,87.643,NA,19
8457,1034,849,3,6,20,1:27.705,\N,\N,87.705,NA,20
8458,1035,822,131,77,1,1:26.738,1:25.785,1:25.154,86.738,85.785,1
8459,1035,1,131,44,2,1:26.818,1:26.266,1:25.217,86.818,86.26599999999999,2
8460,1035,807,211,27,3,1:27.279,1:26.261,1:26.082,87.279,86.261,9
8461,1035,830,9,33,4,1:27.154,1:26.779,1:26.176,87.154,86.779,4
8462,1035,817,4,3,5,1:27.442,1:26.636,1:26.297,87.44200000000001,86.636,11
8463,1035,840,211,18,6,1:27.187,1:26.674,1:26.428,87.187,86.674,6
8464,1035,842,213,10,7,1:27.154,1:26.523,1:26.534,87.154,86.523,4
8465,1035,844,6,16,8,1:27.427,1:26.709,1:26.614,87.42699999999999,86.709,10
8466,1035,848,9,23,9,1:27.153,1:26.642,1:26.669,87.15299999999999,86.642,3
8467,1035,846,1,4,10,1:27.217,1:26.885,1:26.778,87.217,86.885,7
8468,1035,839,4,31,11,1:27.278,1:27.011,\N,87.27799999999999,87.011,8
8469,1035,20,6,5,12,1:27.612,1:27.078,\N,87.612,87.078,14
8470,1035,832,1,55,13,1:27.450,1:27.083,\N,87.45,87.083,12
8471,1035,154,210,8,14,1:27.519,1:27.254,\N,87.519,87.254,13
8472,1035,847,3,63,15,1:27.757,1:27.455,\N,87.757,87.455,15
8473,1035,826,213,26,16,1:27.882,\N,\N,87.882,NA,16
8474,1035,825,210,20,17,1:28.236,\N,\N,88.236,NA,17
8475,1035,849,3,6,18,1:28.430,\N,\N,88.43,NA,18
8476,1035,841,51,99,19,1:28.433,\N,\N,88.43299999999999,NA,19
8477,1035,8,51,7,20,1:28.493,\N,\N,88.493,NA,20
8478,1036,1,131,44,1,1:16.872,1:16.013,1:15.584,76.872,76.013,1
8479,1036,822,131,77,2,1:17.243,1:16.152,1:15.643,77.243,76.152,4
8480,1036,830,9,33,3,1:17.213,1:16.518,1:16.292,77.213,76.518,3
8481,1036,815,211,11,4,1:17.117,1:16.936,1:16.482,77.117,76.936,2
8482,1036,840,211,18,5,1:17.316,1:16.666,1:16.589,77.316,76.666,6
8483,1036,848,9,23,6,1:17.419,1:17.163,1:17.029,77.419,77.163,8
8484,1036,832,1,55,7,1:17.438,1:16.876,1:17.044,77.438,76.876,9
8485,1036,846,1,4,8,1:17.577,1:17.166,1:17.084,77.577,77.166,11
8486,1036,844,6,16,9,1:17.256,1:16.953,1:17.087,77.256,76.953,5
8487,1036,842,213,10,10,1:17.356,1:16.800,1:17.136,77.356,76.8,7
8488,1036,20,6,5,11,1:17.573,1:17.168,\N,77.57300000000001,77.168,10
8489,1036,826,213,26,12,1:17.676,1:17.192,\N,77.676,77.19200000000001,13
8490,1036,817,4,3,13,1:17.667,1:17.198,\N,77.667,77.19800000000001,12
8491,1036,8,51,7,14,1:17.797,1:17.386,\N,77.797,77.386,15
8492,1036,839,4,31,15,1:17.765,1:17.567,\N,77.765,77.56700000000001,14
8493,1036,825,210,20,16,1:17.908,\N,\N,77.908,NA,16
8494,1036,154,210,8,17,1:18.089,\N,\N,78.089,NA,17
8495,1036,847,3,63,18,1:18.099,\N,\N,78.099,NA,18
8496,1036,849,3,6,19,1:18.532,\N,\N,78.532,NA,19
8497,1036,841,51,99,20,1:18.697,\N,\N,78.697,NA,20
8498,1037,1,131,44,1,1:42.323,1:42.014,1:41.252,102.32300000000001,102.01400000000001,1
8499,1037,822,131,77,2,1:42.534,1:42.126,1:41.763,102.53399999999999,102.126,2
8500,1037,830,9,33,3,1:43.197,1:42.473,1:41.778,103.197,102.473,3
8501,1037,817,4,3,4,1:43.309,1:42.487,1:42.061,103.309,102.487,7
8502,1037,848,9,23,5,1:43.418,1:42.193,1:42.264,103.418,102.193,10
8503,1037,839,4,31,6,1:43.505,1:42.534,1:42.396,103.505,102.53399999999999,11
8504,1037,832,1,55,7,1:43.322,1:42.478,1:42.438,103.322,102.47800000000001,8
8505,1037,815,211,11,8,1:43.349,1:42.670,1:42.532,103.34899999999999,102.67,9
8506,1037,840,211,18,9,1:43.265,1:42.491,1:42.603,103.265,102.491,5
8507,1037,846,1,4,10,1:43.514,1:42.722,1:42.657,103.51400000000001,102.72200000000001,12
8508,1037,826,213,26,11,1:43.267,1:42.730,\N,103.267,102.72999999999999,6
8509,1037,842,213,10,12,1:43.262,1:42.745,\N,103.262,102.745,4
8510,1037,844,6,16,13,1:43.656,1:42.996,\N,103.656,102.99600000000001,15
8511,1037,20,6,5,14,1:43.567,1:43.261,\N,103.56700000000001,103.261,13
8512,1037,847,3,63,15,1:43.630,1:43.468,\N,103.63,103.468,14
8513,1037,8,51,7,16,1:43.743,\N,\N,103.743,NA,16
8514,1037,154,210,8,17,1:43.838,\N,\N,103.838,NA,17
8515,1037,841,51,99,18,1:43.950,\N,\N,103.95,NA,18
8516,1037,849,3,6,19,1:44.138,\N,\N,104.138,NA,19
8517,1037,825,210,20,20,1:44.314,\N,\N,104.314,NA,20
8518,1038,1,131,44,1,1:19.514,1:19.092,1:18.887,79.514,79.092,1
8519,1038,822,131,77,2,1:19.786,1:18.952,1:18.956,79.786,78.952,2
8520,1038,832,1,55,3,1:20.099,1:19.705,1:19.695,80.099,79.705,4
8521,1038,815,211,11,4,1:20.048,1:19.718,1:19.720,80.048,79.718,3
8522,1038,830,9,33,5,1:20.193,1:19.780,1:19.795,80.193,79.78,6
8523,1038,846,1,4,6,1:20.344,1:19.962,1:19.820,80.344,79.962,8
8524,1038,817,4,3,7,1:20.548,1:20.031,1:19.864,80.548,80.031,11
8525,1038,840,211,18,8,1:20.400,1:19.924,1:20.049,80.4,79.924,9
8526,1038,848,9,23,9,1:21.104,1:20.064,1:20.090,81.104,80.064,15
8527,1038,842,213,10,10,1:20.145,1:19.909,1:20.177,80.145,79.90899999999999,5
8528,1038,826,213,26,11,1:20.307,1:20.169,\N,80.307,80.169,7
8529,1038,839,4,31,12,1:20.747,1:20.234,\N,80.747,80.23400000000001,12
8530,1038,844,6,16,13,1:20.443,1:20.273,\N,80.443,80.273,10
8531,1038,8,51,7,14,1:21.010,1:20.926,\N,81.01,80.926,14
8532,1038,825,210,20,15,1:20.869,1:21.573,\N,80.869,81.57300000000001,13
8533,1038,154,210,8,16,1:21.139,\N,\N,81.139,NA,16
8534,1038,20,6,5,17,1:21.151,\N,\N,81.151,NA,17
8535,1038,841,51,99,18,1:21.206,\N,\N,81.206,NA,18
8536,1038,847,3,63,19,1:21.587,\N,\N,81.587,NA,19
8537,1038,849,3,6,20,1:21.717,\N,\N,81.717,NA,20
8538,1039,1,131,44,1,1:15.778,1:15.309,1:15.144,75.778,75.309,2
8539,1039,822,131,77,2,1:15.749,1:15.322,1:15.203,75.749,75.322,1
8540,1039,830,9,33,3,1:16.335,1:15.471,1:15.509,76.33500000000001,75.471,3
8541,1039,848,9,23,4,1:16.527,1:15.914,1:15.954,76.527,75.914,4
8542,1039,844,6,16,5,1:16.698,1:16.324,1:16.270,76.69800000000001,76.324,6
8543,1039,815,211,11,6,1:16.596,1:16.489,1:16.311,76.596,76.489,5
8544,1039,840,211,18,7,1:16.701,1:16.271,1:16.356,76.701,76.271,7
8545,1039,817,4,3,8,1:16.981,1:16.243,1:16.543,76.981,76.243,11
8546,1039,832,1,55,9,1:16.993,1:16.522,1:17.870,76.993,76.52199999999999,12
8547,1039,839,4,31,10,1:16.825,1:16.297,\N,76.825,76.297,8
8548,1039,846,1,4,11,1:16.895,1:16.640,\N,76.895,76.64,9
8549,1039,826,213,26,12,1:16.928,1:16.854,\N,76.928,76.854,10
8550,1039,8,51,7,13,1:17.059,1:16.854,\N,77.059,76.854,13
8551,1039,20,6,5,14,1:17.072,1:16.858,\N,77.072,76.858,15
8552,1039,154,210,8,15,1:17.069,1:17.254,\N,77.069,77.254,14
8553,1039,842,213,10,16,1:17.125,\N,\N,77.125,NA,16
8554,1039,841,51,99,17,1:17.220,\N,\N,77.22,NA,17
8555,1039,847,3,63,18,1:17.232,\N,\N,77.232,NA,18
8556,1039,849,3,6,19,1:17.320,\N,\N,77.32,NA,19
8557,1039,825,210,20,20,1:17.348,\N,\N,77.348,NA,20
8558,1040,1,131,44,1,1:32.983,1:32.835,1:31.304,92.983,92.83500000000001,2
8559,1040,830,9,33,2,1:33.630,1:33.157,1:31.867,93.63,93.157,5
8560,1040,822,131,77,3,1:32.656,1:32.405,1:31.956,92.656,92.405,1
8561,1040,815,211,11,4,1:33.704,1:33.038,1:32.317,93.70400000000001,93.038,7
8562,1040,817,4,3,5,1:33.650,1:32.218,1:32.364,93.65,92.218,6
8563,1040,832,1,55,6,1:33.967,1:32.757,1:32.550,93.967,92.757,12
8564,1040,839,4,31,7,1:33.557,1:33.196,1:32.624,93.557,93.196,4
8565,1040,846,1,4,8,1:33.804,1:33.081,1:32.847,93.804,93.081,9
8566,1040,842,213,10,9,1:33.734,1:33.139,1:33.000,93.73400000000001,93.13900000000001,8
8567,1040,848,9,23,10,1:33.919,1:33.153,1:33.008,93.919,93.15299999999999,11
8568,1040,844,6,16,11,1:34.071,1:33.239,\N,94.071,93.239,14
8569,1040,826,213,26,12,1:33.511,1:33.249,\N,93.511,93.249,3
8570,1040,840,211,18,13,1:33.852,1:33.364,\N,93.852,93.364,10
8571,1040,847,3,63,14,1:34.020,1:33.583,\N,94.02000000000001,93.583,13
8572,1040,20,6,5,15,1:34.134,1:33.609,\N,94.134,93.60900000000001,15
8573,1040,154,210,8,16,1:34.592,\N,\N,94.592,NA,16
8574,1040,841,51,99,17,1:34.594,\N,\N,94.594,NA,17
8575,1040,825,210,20,18,1:34.681,\N,\N,94.681,NA,18
8576,1040,849,3,6,19,1:35.066,\N,\N,95.066,NA,19
8577,1040,8,51,7,20,1:35.267,\N,\N,95.267,NA,20
8578,1041,822,131,77,1,1:26.573,1:25.971,1:25.269,86.57300000000001,85.971,2
8579,1041,1,131,44,2,1:26.620,1:25.390,1:25.525,86.62,85.39,3
8580,1041,830,9,33,3,1:26.319,1:25.467,1:25.562,86.319,85.467,1
8581,1041,844,6,16,4,1:26.857,1:26.240,1:26.035,86.857,86.24,6
8582,1041,848,9,23,5,1:27.126,1:26.285,1:26.047,87.126,86.285,11
8583,1041,817,4,3,6,1:26.836,1:26.096,1:26.223,86.836,86.096,5
8584,1041,839,4,31,7,1:27.086,1:26.364,1:26.242,87.086,86.364,8
8585,1041,846,1,4,8,1:26.829,1:26.316,1:26.458,86.82900000000001,86.316,4
8586,1041,815,211,11,9,1:27.120,1:26.330,1:26.704,87.12,86.33,10
8587,1041,832,1,55,10,1:27.378,1:26.361,1:26.709,87.378,86.361,14
8588,1041,20,6,5,11,1:27.107,1:26.738,\N,87.107,86.738,9
8589,1041,842,213,10,12,1:27.072,1:26.776,\N,87.072,86.776,7
8590,1041,826,213,26,13,1:27.285,1:26.848,\N,87.285,86.848,13
8591,1041,841,51,99,14,1:27.532,1:26.936,\N,87.532,86.936,15
8592,1041,825,210,20,15,1:27.231,1:27.125,\N,87.231,87.125,12
8593,1041,154,210,8,16,1:27.552,\N,\N,87.55199999999999,NA,16
8594,1041,847,3,63,17,1:27.564,\N,\N,87.564,NA,17
8595,1041,849,3,6,18,1:27.812,\N,\N,87.812,NA,18
8596,1041,8,51,7,19,1:27.817,\N,\N,87.81700000000001,NA,19
8597,1041,807,211,27,20,1:28.021,\N,\N,88.021,NA,20
8626,1042,840,211,18,12,1:17.667,1:17.626,NA,77.667,77.626,12
8625,1042,839,4,31,11,1:17.775,1:17.614,NA,77.775,77.614,13
8624,1042,817,4,3,10,1:17.621,1:17.481,NA,77.621,77.481,10
8623,1042,842,213,10,9,1:17.209,1:17.367,1:17.803,77.209,77.367,4
8622,1042,846,1,4,8,1:17.547,1:17.321,1:17.525,77.547,77.321,9
8621,1042,832,1,55,7,1:17.627,1:17.183,1:17.520,77.627,77.18299999999999,11
8620,1042,848,9,23,6,1:17.435,1:17.411,1:17.437,77.435,77.411,7
8619,1042,815,211,11,5,1:17.370,1:17.129,1:17.223,77.37,77.129,5
8618,1042,844,6,16,4,1:17.421,1:17.367,1:17.090,77.42099999999999,77.367,6
8617,1042,830,9,33,3,1:16.879,1:17.038,1:16.904,76.879,77.038,2
8616,1042,822,131,77,2,1:16.945,1:16.466,1:16.754,76.945,76.46600000000001,3
8615,1042,1,131,44,1,1:16.828,1:16.824,1:16.652,76.828,76.824,1
8627,1042,826,213,26,13,1:17.841,1:17.728,NA,77.84100000000001,77.72800000000001,14
8628,1042,847,3,63,14,1:17.931,1:17.788,NA,77.931,77.788,15
8629,1042,20,6,5,15,1:17.446,1:17.919,NA,77.446,77.919,8
8630,1042,8,51,7,16,1:18.201,NA,NA,78.201,NA,16
8631,1042,841,51,99,17,1:18.323,NA,NA,78.32300000000001,NA,17
8632,1042,154,210,8,18,1:18.364,NA,NA,78.364,NA,18
8633,1042,825,210,20,19,1:18.508,NA,NA,78.508,NA,19
8634,1042,849,3,6,20,1:18.777,NA,NA,78.777,NA,20
8635,1043,822,131,77,1,1:14.221,1:14.585,1:13.609,74.221,74.58500000000001,1
8636,1043,1,131,44,2,1:14.229,1:14.643,1:13.706,74.229,74.643,2
8637,1043,830,9,33,3,1:15.034,1:14.974,1:14.176,75.034,74.974,3
8638,1043,842,213,10,4,1:15.183,1:14.681,1:14.502,75.18299999999999,74.681,5
8639,1043,817,4,3,5,1:15.474,1:14.953,1:14.520,75.474,74.953,11
8640,1043,848,9,23,6,1:15.402,1:14.745,1:14.572,75.402,74.745,8
8641,1043,844,6,16,7,1:15.123,1:15.017,1:14.616,75.123,75.017,4
8642,1043,826,213,26,8,1:15.412,1:15.022,1:14.696,75.412,75.022,10
8643,1043,846,1,4,9,1:15.274,1:15.051,1:14.814,75.274,75.051,6
8644,1043,832,1,55,10,1:15.528,1:15.027,1:14.911,75.528,75.027,12
8645,1043,815,211,11,11,1:15.407,1:15.061,\N,75.407,75.061,9
8646,1043,839,4,31,12,1:15.352,1:15.201,\N,75.352,75.201,7
8647,1043,847,3,63,13,1:15.760,1:15.323,\N,75.76,75.32300000000001,14
8648,1043,20,6,5,14,1:15.571,1:15.385,\N,75.571,75.385,13
8649,1043,840,211,18,15,1:15.822,1:15.494,\N,75.822,75.494,15
8650,1043,154,210,8,16,1:15.918,\N,\N,75.918,NA,16
8651,1043,825,210,20,17,1:15.939,\N,\N,75.939,NA,17
8652,1043,8,51,7,18,1:15.953,\N,\N,75.953,NA,18
8653,1043,849,3,6,19,1:15.987,\N,\N,75.987,NA,19
8654,1043,841,51,99,20,1:16.208,\N,\N,76.208,NA,20
8655,1044,840,211,18,1,2:07.467,1:53.372,1:47.765,127.467,113.372,12
8656,1044,830,9,33,2,1:57.485,1:50.293,1:48.055,117.485,110.293,1
8657,1044,815,211,11,3,2:07.614,1:54.097,1:49.321,127.614,114.09700000000001,15
8658,1044,848,9,23,4,1:59.431,1:52.282,1:50.448,119.431,112.282,2
8659,1044,817,4,3,5,2:05.598,1:54.278,1:51.595,125.598,114.27799999999999,7
8660,1044,1,131,44,6,2:07.599,1:52.709,1:52.560,127.599,112.709,14
8661,1044,839,4,31,7,2:06.115,1:53.657,1:52.622,126.115,113.657,8
8662,1044,8,51,7,8,2:01.249,1:53.793,1:52.745,121.249,113.793,3
8663,1044,822,131,77,9,2:07.001,1:53.767,1:53.258,127.001,113.767,9
8664,1044,841,51,99,10,2:07.341,1:53.431,1:57.226,127.341,113.431,11
8665,1044,846,1,4,11,2:07.167,1:54.945,\N,127.167,114.945,10
8666,1044,20,6,5,12,2:03.356,1:55.169,\N,123.356,115.169,4
8667,1044,832,1,55,13,2:07.489,1:55.410,\N,127.489,115.41,13
8668,1044,844,6,16,14,2:04.464,1:56.696,\N,124.464,116.696,5
8669,1044,842,213,10,15,2:05.579,1:58.556,\N,125.579,118.556,6
8670,1044,825,210,20,16,2:08.007,\N,\N,128.007,NA,16
8671,1044,826,213,26,17,2:09.070,\N,\N,129.07,NA,17
8672,1044,847,3,63,18,2:10.017,\N,\N,130.017,NA,18
8673,1044,154,210,8,19,2:12.909,\N,\N,132.909,NA,19
8674,1044,849,3,6,20,2:21.611,\N,\N,141.611,NA,20
8675,1045,1,131,44,1,1:28.343,1:27.586,1:27.264,88.343,87.586,1
8676,1045,822,131,77,2,1:28.767,1:28.063,1:27.553,88.767,88.063,4
8677,1045,830,9,33,3,1:28.885,1:28.025,1:27.678,88.885,88.025,5
8678,1045,848,9,23,4,1:28.732,1:28.749,1:28.274,88.732,88.749,3
8679,1045,815,211,11,5,1:29.178,1:28.894,1:28.322,89.178,88.894,12
8680,1045,817,4,3,6,1:29.005,1:28.648,1:28.417,89.005,88.648,8
8681,1045,839,4,31,7,1:29.203,1:28.937,1:28.419,89.203,88.937,13
8682,1045,842,213,10,8,1:28.971,1:29.008,1:28.448,88.971,89.008,6
8683,1045,846,1,4,9,1:29.464,1:28.877,1:28.542,89.464,88.877,15
8684,1045,826,213,26,10,1:29.158,1:28.944,1:28.618,89.158,88.944,11
8685,1045,20,6,5,11,1:29.142,1:29.149,\N,89.142,89.149,10
8686,1045,844,6,16,12,1:29.137,1:29.165,\N,89.137,89.16499999999999,9
8687,1045,840,211,18,13,1:28.679,1:29.557,\N,88.679,89.557,2
8688,1045,847,3,63,14,1:29.294,1:31.218,\N,89.294,91.218,14
8689,1045,832,1,55,15,1:28.975,\N,\N,88.975,NA,7
8690,1045,841,51,99,16,1:29.491,\N,\N,89.491,NA,16
8691,1045,8,51,7,17,1:29.810,\N,\N,89.81,NA,17
8692,1045,825,210,20,18,1:30.111,\N,\N,90.111,NA,18
8693,1045,154,210,8,19,1:30.138,\N,\N,90.138,NA,19
8694,1045,849,3,6,20,1:30.182,\N,\N,90.182,NA,20
8695,1046,822,131,77,1,0:53.904,0:53.803,0:53.377,53.904,53.803,1
8696,1046,847,131,63,2,0:54.160,0:53.819,0:53.403,54.16,53.819,3
8697,1046,830,9,33,3,0:54.037,0:53.647,0:53.433,54.037,53.647,2
8698,1046,844,6,16,4,0:54.249,0:53.825,0:53.613,54.249,53.825,7
8699,1046,815,211,11,5,0:54.236,0:53.787,0:53.790,54.236,53.787,6
8700,1046,826,213,26,6,0:54.346,0:53.856,0:53.906,54.346,53.856,10
8701,1046,817,4,3,7,0:54.388,0:53.871,0:53.957,54.388,53.871,11
8702,1046,832,1,55,8,0:54.450,0:53.818,0:54.010,54.45,53.818,12
8703,1046,842,213,10,9,0:54.207,0:53.941,0:54.154,54.207,53.941,5
8704,1046,840,211,18,10,0:54.595,0:53.840,0:54.200,54.595,53.84,14
8705,1046,839,4,31,11,0:54.309,0:53.995,NA,54.309,53.995,9
8706,1046,848,9,23,12,0:54.620,0:54.026,NA,54.62,54.026,15
8707,1046,20,6,5,13,0:54.301,0:54.175,NA,54.301,54.175,8
8708,1046,841,51,99,14,0:54.523,0:54.377,NA,54.523,54.377,13
8709,1046,846,1,4,15,0:54.194,0:54.693,NA,54.194,54.693,4
8710,1046,825,210,20,16,0:54.705,NA,NA,54.705,NA,16
8711,1046,849,3,6,17,0:54.796,NA,NA,54.796,NA,17
8712,1046,851,3,89,18,0:54.892,NA,NA,54.892,NA,18
8713,1046,8,51,7,19,0:54.963,NA,NA,54.963,NA,19
8714,1046,850,210,51,20,0:55.426,NA,NA,55.426,NA,20
8715,1047,830,9,33,1,1:35.993,1:35.641,1:35.246,95.993,95.64099999999999,4
8716,1047,822,131,77,2,1:35.699,1:35.527,1:35.271,95.699,95.527,2
8717,1047,1,131,44,3,1:35.528,1:35.466,1:35.332,95.52799999999999,95.46600000000001,1
8718,1047,846,1,4,4,1:36.016,1:35.849,1:35.497,96.01599999999999,95.84899999999999,5
8719,1047,848,9,23,5,1:36.106,1:35.654,1:35.571,96.106,95.654,7
8720,1047,832,1,55,6,1:36.517,1:36.192,1:35.815,96.517,96.19200000000001,10
8721,1047,826,213,26,7,1:36.459,1:36.214,1:35.963,96.459,96.214,8
8722,1047,840,211,18,8,1:36.502,1:36.143,1:36.046,96.50200000000001,96.143,9
8723,1047,844,6,16,9,1:35.881,1:35.932,1:36.065,95.881,95.932,3
8724,1047,842,213,10,10,1:36.545,1:36.282,1:36.242,96.545,96.282,11
8725,1047,839,4,31,11,1:36.783,1:36.359,\N,96.783,96.35900000000001,14
8726,1047,817,4,3,12,1:36.704,1:36.406,\N,96.70400000000001,96.406,13
8727,1047,20,6,5,13,1:36.655,1:36.631,\N,96.655,96.631,12
8728,1047,841,51,99,14,1:37.075,1:38.248,\N,97.075,98.24799999999999,15
8729,1047,815,211,11,15,1:36.034,\N,\N,96.03399999999999,NA,6
8730,1047,8,51,7,16,1:37.555,\N,\N,97.555,NA,16
8731,1047,825,210,20,17,1:37.863,\N,\N,97.863,NA,17
8732,1047,847,3,63,18,1:38.045,\N,\N,98.045,NA,18
8733,1047,850,210,51,19,1:38.173,\N,\N,98.173,NA,19
8734,1047,849,3,6,20,1:38.443,\N,\N,98.443,NA,20
8735,1052,830,9,33,1,1:30.499,1:30.318,1:28.997,90.499,90.318,1
8736,1052,1,131,44,2,1:30.617,1:30.085,1:29.385,90.617,90.08500000000001,3
8737,1052,822,131,77,3,1:31.200,1:30.186,1:29.586,91.2,90.186,11
8738,1052,844,6,16,4,1:30.691,1:30.010,1:29.678,90.691,90.01,4
8739,1052,842,213,10,5,1:30.848,1:30.513,1:29.809,90.848,90.513,6
8740,1052,817,1,3,6,1:30.795,1:30.222,1:29.927,90.795,90.22200000000001,5
8741,1052,846,1,4,7,1:30.902,1:30.099,1:29.974,90.902,90.099,8
8742,1052,832,6,55,8,1:31.653,1:30.009,1:30.215,91.65299999999999,90.009,15
8743,1052,4,214,14,9,1:30.863,1:30.595,1:30.249,90.863,90.595,7
8744,1052,840,117,18,10,1:31.261,1:30.624,1:30.601,91.261,90.624,12
8745,1052,815,9,11,11,1:31.165,1:30.659,\N,91.16499999999999,90.65899999999999,10
8746,1052,841,51,99,12,1:30.998,1:30.708,\N,90.998,90.708,9
8747,1052,852,213,22,13,1:30.607,1:31.203,\N,90.607,91.203,2
8748,1052,8,51,7,14,1:31.547,1:31.238,\N,91.547,91.238,14
8749,1052,847,3,63,15,1:31.316,1:33.430,\N,91.316,93.43,13
8750,1052,839,214,31,16,1:31.724,\N,\N,91.724,NA,16
8751,1052,849,3,6,17,1:31.936,\N,\N,91.936,NA,17
8752,1052,20,117,5,18,1:32.056,\N,\N,92.056,NA,18
8753,1052,854,210,47,19,1:32.449,\N,\N,92.449,NA,19
8754,1052,853,210,9,20,1:33.273,\N,\N,93.273,NA,20
8755,1053,1,131,44,1,1:14.823,1:14.817,1:14.411,74.82300000000001,74.81700000000001,2
8756,1053,815,9,11,2,1:15.395,1:14.716,1:14.446,75.395,74.716,6
8757,1053,830,9,33,3,1:15.109,1:14.884,1:14.498,75.109,74.884,4
8758,1053,844,6,16,4,1:15.413,1:14.808,1:14.740,75.413,74.80799999999999,8
8759,1053,842,213,10,5,1:15.548,1:14.927,1:14.790,75.548,74.92699999999999,11
8760,1053,817,1,3,6,1:15.669,1:15.033,1:14.826,75.669,75.033,13
8761,1053,846,1,4,7,1:15.009,1:14.718,1:14.875,75.009,74.718,3
8762,1053,822,131,77,8,1:14.672,1:14.905,1:14.898,74.672,74.905,1
8763,1053,839,214,31,9,1:15.385,1:15.117,1:15.210,75.385,75.117,5
8764,1053,840,117,18,10,1:15.522,1:15.138,\N,75.522,75.138,10
8765,1053,832,6,55,11,1:15.406,1:15.199,\N,75.406,75.199,7
8766,1053,847,3,63,12,1:15.826,1:15.261,\N,75.826,75.261,14
8767,1053,20,117,5,13,1:15.459,1:15.394,\N,75.459,75.394,9
8768,1053,849,3,6,14,1:15.653,1:15.593,\N,75.653,75.593,12
8769,1053,4,214,14,15,1:15.832,1:15.593,\N,75.832,75.593,15
8770,1053,8,51,7,16,1:15.974,\N,\N,75.974,NA,16
8771,1053,841,51,99,17,1:16.122,\N,\N,76.122,NA,17
8772,1053,854,210,47,18,1:16.279,\N,\N,76.279,NA,18
8773,1053,853,210,9,19,1:16.797,\N,\N,76.797,NA,19
8775,1054,822,131,77,1,1:18.722,1:18.458,1:18.348,78.72200000000001,78.458,1
8776,1054,1,131,44,2,1:18.857,1:17.968,1:18.355,78.857,77.968,3
8777,1054,830,9,33,3,1:19.485,1:18.650,1:18.746,79.485,78.65,11
8778,1054,815,9,11,4,1:19.337,1:18.845,1:18.890,79.337,78.845,6
8779,1054,832,6,55,5,1:19.309,1:18.813,1:19.039,79.309,78.813,5
8780,1054,839,214,31,6,1:19.092,1:18.586,1:19.042,79.092,78.586,4
8781,1054,846,1,4,7,1:18.794,1:18.481,1:19.116,78.794,78.481,2
8782,1054,844,6,16,8,1:19.373,1:18.769,1:19.306,79.373,78.769,7
8783,1054,842,213,10,9,1:19.464,1:19.052,1:19.475,79.464,79.05199999999999,10
8784,1054,20,117,5,10,1:19.403,1:18.970,1:19.659,79.40299999999999,78.97,8
8785,1054,847,3,63,11,1:19.797,1:19.109,\N,79.797,79.10900000000001,15
8786,1054,841,51,99,12,1:19.410,1:19.216,\N,79.41,79.21600000000001,9
8787,1054,4,214,14,13,1:19.728,1:19.456,\N,79.72800000000001,79.456,13
8788,1054,852,213,22,14,1:19.684,1:19.463,\N,79.684,79.463,12
8789,1054,8,51,7,15,1:19.748,1:19.812,\N,79.748,79.812,14
8790,1054,817,1,3,16,1:19.839,\N,\N,79.839,NA,16
8791,1054,840,117,18,17,1:19.913,\N,\N,79.913,NA,17
8792,1054,849,3,6,18,1:20.285,\N,\N,80.285,NA,18
8793,1054,854,210,47,19,1:20.452,\N,\N,80.452,NA,19
8794,1054,853,210,9,20,1:20.912,\N,\N,80.912,NA,20
8795,1055,1,131,44,1,1:18.245,1:17.166,1:16.741,78.245,77.166,9
8796,1055,830,9,33,2,1:18.090,1:16.922,1:16.777,78.09,76.922,4
8797,1055,822,131,77,3,1:18.005,1:17.142,1:16.873,78.005,77.142,2
8798,1055,844,6,16,4,1:18.041,1:17.717,1:17.510,78.041,77.717,3
8799,1055,839,214,31,5,1:18.281,1:17.743,1:17.580,78.281,77.743,11
8800,1055,832,6,55,6,1:18.205,1:17.656,1:17.620,78.205,77.656,7
8801,1055,817,1,3,7,1:18.264,1:17.719,1:17.622,78.264,77.719,10
8802,1055,815,9,11,8,1:18.203,1:17.669,1:17.701,78.203,77.669,6
8803,1055,846,1,4,9,1:17.821,1:17.696,1:18.010,77.821,77.696,1
8804,1055,4,214,14,10,1:18.281,1:17.966,1:18.147,78.281,77.96600000000001,11
8805,1055,840,117,18,11,1:18.241,1:17.974,\N,78.241,77.974,8
8806,1055,842,213,10,12,1:18.190,1:17.982,\N,78.19,77.982,5
8807,1055,20,117,5,13,1:18.289,1:18.079,\N,78.289,78.07900000000001,13
8808,1055,841,51,99,14,1:18.549,1:18.356,\N,78.549,78.356,15
8809,1055,847,3,63,15,1:18.445,1:19.154,\N,78.445,79.154,14
8810,1055,852,213,22,16,1:18.556,\N,\N,78.556,NA,16
8811,1055,8,51,7,17,1:18.917,\N,\N,78.917,NA,17
8812,1055,854,210,47,18,1:19.117,\N,\N,79.117,NA,18
8813,1055,849,3,6,19,1:19.219,\N,\N,79.219,NA,19
8814,1055,853,210,9,20,1:19.807,\N,\N,79.807,NA,20
8815,1056,844,6,16,1,1:11.113,1:10.597,1:10.346,71.113,70.597,2
8816,1056,830,9,33,2,1:11.124,1:10.650,1:10.576,71.124,70.65,3
8817,1056,822,131,77,3,1:10.938,1:10.695,1:10.601,70.938,70.695,1
8818,1056,832,6,55,4,1:11.324,1:10.806,1:10.611,71.324,70.806,5
8819,1056,846,1,4,5,1:11.321,1:11.031,1:10.620,71.321,71.031,4
8820,1056,842,213,10,6,1:11.560,1:11.179,1:10.900,71.56,71.179,6
8821,1056,1,131,44,7,1:11.622,1:11.116,1:11.095,71.622,71.116,7
8822,1056,20,117,5,8,1:12.078,1:11.309,1:11.419,72.078,71.309,15
8823,1056,815,9,11,9,1:11.644,1:11.019,1:11.573,71.644,71.019,8
8824,1056,841,51,99,10,1:11.658,1:11.409,1:11.779,71.658,71.409,9
8825,1056,839,214,31,11,1:11.740,1:11.486,\N,71.74,71.486,10
8826,1056,817,1,3,12,1:11.747,1:11.598,\N,71.747,71.598,11
8827,1056,840,117,18,13,1:11.979,1:11.600,\N,71.979,71.6,13
8828,1056,8,51,7,14,1:11.899,1:11.642,\N,71.899,71.642,12
8829,1056,847,3,63,15,1:12.016,1:11.830,\N,72.016,71.83,14
8830,1056,852,213,22,16,1:12.096,\N,\N,72.096,NA,16
8831,1056,4,214,14,17,1:12.205,\N,\N,72.205,NA,17
8832,1056,849,3,6,18,1:12.366,\N,\N,72.366,NA,18
8833,1056,853,210,9,19,1:12.958,\N,\N,72.958,NA,19
8834,1057,844,6,16,1,1:42.241,1:41.659,1:41.218,102.241,101.65899999999999,6
8835,1057,1,131,44,2,1:41.545,1:41.634,1:41.450,101.545,101.634,1
8836,1057,830,9,33,3,1:41.760,1:41.625,1:41.563,101.75999999999999,101.625,2
8837,1057,842,213,10,4,1:42.288,1:41.932,1:41.565,102.288,101.932,7
8838,1057,832,6,55,5,1:42.121,1:41.740,1:41.576,102.12100000000001,101.74000000000001,4
8839,1057,846,1,4,6,1:42.167,1:41.813,1:41.747,102.167,101.813,5
8840,1057,815,9,11,7,1:41.968,1:41.630,1:41.917,101.968,101.63,3
8841,1057,852,213,22,8,1:42.521,1:41.654,1:42.211,102.521,101.654,11
8842,1057,4,214,14,9,1:42.934,1:42.195,1:42.327,102.934,102.195,15
8843,1057,822,131,77,10,1:42.701,1:42.106,1:42.659,102.701,102.106,12
8844,1057,20,117,5,11,1:42.460,1:42.224,\N,102.46000000000001,102.22399999999999,10
8845,1057,839,214,31,12,1:42.426,1:42.273,\N,102.426,102.273,9
8846,1057,817,1,3,13,1:42.304,1:42.558,\N,102.304,102.55799999999999,8
8847,1057,8,51,7,14,1:42.923,1:42.587,\N,102.923,102.587,14
8848,1057,847,3,63,15,1:42.728,1:42.758,\N,102.72800000000001,102.75800000000001,13
8849,1057,849,3,6,16,1:43.128,\N,\N,103.128,NA,16
8850,1057,854,210,47,17,1:44.158,\N,\N,104.158,NA,17
8851,1057,853,210,9,18,1:44.238,\N,\N,104.238,NA,18
8854,1059,830,9,33,1,1:31.001,1:31.080,1:29.990,91.001,91.08,1
8855,1059,1,131,44,2,1:31.237,1:30.788,1:30.248,91.237,90.788,2
8856,1059,822,131,77,3,1:31.669,1:30.735,1:30.376,91.669,90.735,4
8857,1059,815,9,11,4,1:31.560,1:30.971,1:30.445,91.56,90.971,3
8858,1059,832,6,55,5,1:32.079,1:31.146,1:30.840,92.07900000000001,91.146,7
8859,1059,842,213,10,6,1:31.898,1:31.353,1:30.868,91.898,91.35300000000001,6
8860,1059,844,6,16,7,1:32.209,1:31.567,1:30.987,92.209,91.56700000000001,12
8861,1059,846,1,4,8,1:31.733,1:31.542,1:31.252,91.733,91.542,5
8862,1059,4,214,14,9,1:32.158,1:31.549,1:31.340,92.158,91.549,10
8863,1059,817,1,3,10,1:32.181,1:31.615,1:31.382,92.181,91.615,11
8864,1059,839,214,31,11,1:32.139,1:31.736,\N,92.13900000000001,91.736,9
8865,1059,20,117,5,12,1:32.132,1:31.767,\N,92.132,91.767,8
8866,1059,841,51,99,13,1:32.722,1:31.813,\N,92.72200000000001,91.813,13
8867,1059,847,3,63,14,1:33.060,1:32.065,\N,93.06,92.065,15
8868,1059,854,210,47,15,1:32.942,\N,\N,92.94200000000001,NA,14
8869,1059,849,3,6,16,1:33.062,\N,\N,93.062,NA,16
8870,1059,8,51,7,17,1:33.354,\N,\N,93.354,NA,17
8871,1059,853,210,9,18,1:33.554,\N,\N,93.554,NA,18
8874,1058,830,9,33,1,1:04.489,1:04.433,1:03.841,64.489,64.43299999999999,1
8875,1058,822,131,77,2,1:04.537,1:04.443,1:04.035,64.537,64.443,2
8876,1058,1,131,44,3,1:04.672,1:04.512,1:04.067,64.672,64.512,6
8877,1058,846,1,4,4,1:04.584,1:04.298,1:04.120,64.584,64.298,3
8878,1058,815,9,11,5,1:04.638,1:04.197,1:04.168,64.638,64.197,5
8879,1058,842,213,10,6,1:04.765,1:04.429,1:04.236,64.765,64.429,8
8880,1058,844,6,16,7,1:04.745,1:04.646,1:04.472,64.745,64.646,7
8881,1058,852,213,22,8,1:04.608,1:04.631,1:04.514,64.608,64.631,4
8882,1058,4,214,14,9,1:04.971,1:04.582,1:04.574,64.971,64.582,11
8883,1058,840,117,18,10,1:04.821,1:04.663,1:04.708,64.821,64.663,9
8884,1058,847,3,63,11,1:05.033,1:04.671,\N,65.033,64.671,12
8885,1058,832,6,55,12,1:04.859,1:04.800,\N,64.859,64.8,10
8886,1058,817,1,3,13,1:05.142,1:04.808,\N,65.142,64.80799999999999,15
8887,1058,20,117,5,14,1:05.051,1:04.875,\N,65.051,64.875,13
8888,1058,841,51,99,15,1:05.092,1:04.913,\N,65.092,64.913,14
8889,1058,849,3,6,16,1:05.175,\N,\N,65.175,NA,16
8890,1058,839,214,31,17,1:05.217,\N,\N,65.217,NA,17
8891,1058,8,51,7,18,1:05.429,\N,\N,65.429,NA,18
8892,1058,854,210,47,19,1:06.041,\N,\N,66.041,NA,19
8893,1058,853,210,9,20,1:06.192,\N,\N,66.19200000000001,NA,20
8894,1060,830,9,33,1,1:04.249,1:03.927,1:03.720,64.249,63.927,1
8895,1060,846,1,4,2,1:04.345,1:04.415,1:03.768,64.345,64.415,2
8896,1060,815,9,11,3,1:04.833,1:04.483,1:03.990,64.833,64.483,8
8897,1060,1,131,44,4,1:04.506,1:04.258,1:04.014,64.506,64.258,4
8898,1060,822,131,77,5,1:04.563,1:04.376,1:04.049,64.563,64.376,5
8899,1060,842,213,10,6,1:04.841,1:04.412,1:04.107,64.841,64.412,9
8900,1060,852,213,22,7,1:04.967,1:04.518,1:04.273,64.967,64.518,14
8901,1060,20,117,5,8,1:04.846,1:04.493,1:04.570,64.846,64.493,10
8902,1060,847,3,63,9,1:04.907,1:04.553,1:04.591,64.907,64.553,12
8903,1060,840,117,18,10,1:04.927,1:04.547,1:04.618,64.92699999999999,64.547,13
8904,1060,832,6,55,11,1:04.596,1:04.559,\N,64.596,64.559,6
8905,1060,844,6,16,12,1:04.906,1:04.600,\N,64.906,64.6,11
8906,1060,817,1,3,13,1:04.977,1:04.719,\N,64.977,64.719,15
8907,1060,4,214,14,14,1:04.472,1:04.856,\N,64.472,64.856,3
8908,1060,841,51,99,15,1:04.782,1:05.083,\N,64.782,65.083,7
8909,1060,8,51,7,16,1:05.009,\N,\N,65.009,NA,16
8910,1060,839,214,31,17,1:05.051,\N,\N,65.051,NA,17
8911,1060,849,3,6,18,1:05.195,\N,\N,65.195,NA,18
8912,1060,854,210,47,19,1:05.427,\N,\N,65.42699999999999,NA,19
8913,1060,853,210,9,20,1:05.951,\N,\N,65.951,NA,20
8914,1061,1,131,44,1,1:26.786,1:26.023,1:26.134,86.786,86.023,2
8915,1061,830,9,33,2,1:26.751,1:26.315,1:26.209,86.751,86.315,1
8916,1061,822,131,77,3,1:27.487,1:26.764,1:26.328,87.487,86.764,9
8917,1061,844,6,16,4,1:27.051,1:26.919,1:26.828,87.051,86.919,3
8918,1061,815,9,11,5,1:27.121,1:27.073,1:26.844,87.121,87.07300000000001,4
8919,1061,846,1,4,6,1:27.444,1:27.220,1:26.897,87.444,87.22,8
8920,1061,817,1,3,7,1:27.323,1:27.125,1:26.899,87.32300000000001,87.125,5
8921,1061,847,3,63,8,1:27.671,1:27.080,1:26.971,87.67099999999999,87.08,14
8922,1061,832,6,55,9,1:27.337,1:26.848,1:27.007,87.337,86.848,6
8923,1061,20,117,5,10,1:27.493,1:27.103,1:27.179,87.493,87.10300000000001,10
8924,1061,4,214,14,11,1:27.580,1:27.245,\N,87.58,87.245,11
8925,1061,842,213,10,12,1:27.600,1:27.273,\N,87.6,87.273,13
8926,1061,839,214,31,13,1:27.415,1:27.340,\N,87.41499999999999,87.34,7
8927,1061,841,51,99,14,1:27.595,1:27.617,\N,87.595,87.617,12
8928,1061,840,117,18,15,1:28.017,1:27.665,\N,88.017,87.66499999999999,15
8929,1061,852,213,22,16,1:28.043,\N,\N,88.043,NA,16
8930,1061,8,51,7,17,1:28.062,\N,\N,88.062,NA,17
8931,1061,849,3,6,18,1:28.254,\N,\N,88.254,NA,18
8932,1061,854,210,47,19,1:28.738,\N,\N,88.738,NA,19
8933,1061,853,210,9,20,1:29.051,\N,\N,89.051,NA,20
8934,1062,1,131,44,1,1:16.424,1:16.553,1:15.419,76.424,76.553,2
8935,1062,822,131,77,2,1:16.569,1:16.702,1:15.734,76.569,76.702,3
8936,1062,830,9,33,3,1:16.214,1:15.650,1:15.840,76.214,75.65,1
8937,1062,815,9,11,4,1:17.233,1:16.443,1:16.421,77.233,76.443,11
8938,1062,842,213,10,5,1:16.874,1:16.394,1:16.483,76.874,76.394,5
8939,1062,846,1,4,6,1:17.081,1:16.385,1:16.489,77.081,76.385,7
8940,1062,844,6,16,7,1:17.084,1:16.574,1:16.496,77.084,76.574,8
8941,1062,839,214,31,8,1:17.367,1:16.766,1:16.653,77.367,76.76599999999999,12
8942,1062,4,214,14,9,1:17.123,1:16.541,1:16.715,77.123,76.541,10
8943,1062,20,117,5,10,1:17.105,1:16.794,1:16.750,77.105,76.794,9
8944,1062,817,1,3,11,1:17.664,1:16.871,\N,77.664,76.871,14
8945,1062,840,117,18,12,1:17.038,1:16.893,\N,77.038,76.893,6
8946,1062,8,51,7,13,1:17.553,1:17.564,\N,77.553,77.564,13
8947,1062,841,51,99,14,1:17.776,1:17.583,\N,77.776,77.583,15
8948,1062,832,6,55,15,1:16.649,\N,\N,76.649,NA,4
8949,1062,852,213,22,16,1:17.919,\N,\N,77.919,NA,16
8950,1062,847,3,63,17,1:17.944,\N,\N,77.944,NA,17
8951,1062,849,3,6,18,1:18.036,\N,\N,78.036,NA,18
8952,1062,853,210,9,19,1:18.922,\N,\N,78.922,NA,19
8954,1063,830,9,33,1,1:58.717,1:56.559,1:59.765,118.717,116.559,2
8955,1063,847,3,63,2,1:59.864,1:56.950,2:00.086,119.864,116.95,5
8956,1063,1,131,44,3,1:59.218,1:56.229,2:00.099,119.218,116.229,3
8957,1063,817,1,3,4,2:01.583,1:57.127,2:00.864,121.583,117.12700000000001,12
8958,1063,20,117,5,5,2:00.175,1:56.814,2:00.935,120.175,116.814,7
8959,1063,842,213,10,6,2:00.387,1:56.440,2:01.164,120.387,116.44,8
8960,1063,815,9,11,7,1:59.334,1:56.886,2:02.112,119.334,116.886,4
8961,1063,822,131,77,8,1:59.870,1:56.295,2:02.502,119.87,116.295,6
8962,1063,839,214,31,9,2:01.824,1:57.354,2:03.513,121.824,117.354,15
8963,1063,846,1,4,10,1:58.301,1:56.025,\N,118.301,116.025,1
8964,1063,844,6,16,11,2:00.728,1:57.721,\N,120.728,117.721,9
8965,1063,849,3,6,12,2:00.966,1:58.056,\N,120.966,118.056,10
8966,1063,832,6,55,13,2:01.184,1:58.137,\N,121.184,118.137,11
8967,1063,4,214,14,14,2:01.653,1:58.205,\N,121.653,118.205,14
8968,1063,840,117,18,15,2:01.597,1:58.231,\N,121.597,118.231,13
8969,1063,841,51,99,16,2:02.306,\N,\N,122.306,NA,16
8970,1063,852,213,22,17,2:02.413,\N,\N,122.413,NA,17
8971,1063,854,210,47,18,2:03.973,\N,\N,123.973,NA,18
8972,1063,8,51,7,19,2:04.452,\N,\N,124.452,NA,19
8973,1063,853,210,9,20,2:04.939,\N,\N,124.939,NA,20
8974,1064,830,9,33,1,1:10.036,1:09.071,1:08.885,70.036,69.071,3
8975,1064,1,131,44,2,1:10.114,1:09.726,1:08.923,70.114,69.726,6
8976,1064,822,131,77,3,1:10.219,1:09.769,1:09.222,70.219,69.769,8
8977,1064,842,213,10,4,1:10.274,1:09.541,1:09.478,70.274,69.541,10
8978,1064,844,6,16,5,1:09.829,1:09.437,1:09.527,69.82900000000001,69.437,1
8979,1064,832,6,55,6,1:10.022,1:09.870,1:09.537,70.022,69.87,2
8980,1064,841,51,99,7,1:10.050,1:10.033,1:09.590,70.05,70.033,4
8981,1064,839,214,31,8,1:10.179,1:09.919,1:09.933,70.179,69.919,7
8982,1064,4,214,14,9,1:10.435,1:10.020,1:09.956,70.435,70.02,12
8983,1064,817,1,3,10,1:10.255,1:09.865,1:10.166,70.255,69.865,9
8984,1064,847,3,63,11,1:10.382,1:10.332,\N,70.382,70.332,11
8985,1064,840,117,18,12,1:10.438,1:10.367,\N,70.438,70.367,13
8986,1064,846,1,4,13,1:10.489,1:10.406,\N,70.489,70.406,15
8987,1064,849,3,6,14,1:10.093,1:11.161,\N,70.093,71.161,5
8988,1064,852,213,22,15,1:10.462,1:11.314,\N,70.462,71.314,14
8989,1064,815,9,11,16,1:10.530,\N,\N,70.53,NA,16
8990,1064,20,117,5,17,1:10.731,\N,\N,70.731,NA,17
8991,1064,9,51,88,18,1:11.301,\N,\N,71.301,NA,18
8992,1064,854,210,47,19,1:11.387,\N,\N,71.387,NA,19
8993,1064,853,210,9,20,1:11.875,\N,\N,71.875,NA,20
8994,1065,822,131,77,1,1:20.685,1:20.032,1:19.555,80.685,80.032,2
8995,1065,1,131,44,2,1:20.543,1:19.936,1:19.651,80.543,79.936,1
8996,1065,830,9,33,3,1:21.035,1:20.229,1:19.966,81.035,80.229,4
8997,1065,846,1,4,4,1:20.916,1:20.059,1:19.989,80.916,80.059,3
8998,1065,817,1,3,5,1:21.292,1:20.435,1:19.995,81.292,80.435,8
8999,1065,842,213,10,6,1:21.440,1:20.556,1:20.260,81.44,80.556,12
9000,1065,832,6,55,7,1:21.118,1:20.750,1:20.462,81.118,80.75,5
9001,1065,844,6,16,8,1:21.219,1:20.767,1:20.510,81.219,80.767,7
9002,1065,815,9,11,9,1:21.308,1:20.882,1:20.611,81.30799999999999,80.882,9
9003,1065,841,51,99,10,1:21.197,1:20.726,1:20.808,81.197,80.726,6
9004,1065,20,117,5,11,1:21.394,1:20.913,\N,81.394,80.913,10
9005,1065,840,117,18,12,1:21.415,1:21.020,\N,81.41499999999999,81.02,11
9006,1065,4,214,14,13,1:21.487,1:21.069,\N,81.487,81.069,13
9007,1065,839,214,31,14,1:21.500,1:21.103,\N,81.5,81.10300000000001,14
9008,1065,847,3,63,15,1:21.890,1:21.392,\N,81.89,81.392,15
9009,1065,849,3,6,16,1:21.925,\N,\N,81.925,NA,16
9010,1065,852,213,22,17,1:21.973,\N,\N,81.973,NA,17
9011,1065,854,210,47,18,1:22.248,\N,\N,82.248,NA,18
9012,1065,9,51,88,19,1:22.530,\N,\N,82.53,NA,19
9013,1065,853,210,9,20,1:22.716,\N,\N,82.71600000000001,NA,20
9014,1066,846,1,4,1,1:47.238,1:45.827,1:41.993,107.238,105.827,5
9015,1066,832,6,55,2,1:47.924,1:46.521,1:42.510,107.924,106.521,8
9016,1066,847,3,63,3,1:48.303,1:46.435,1:42.983,108.303,106.435,11
9017,1066,1,131,44,4,1:45.992,1:45.129,1:44.050,105.99199999999999,105.12899999999999,1
9018,1066,817,1,3,5,1:48.345,1:46.361,1:44.156,108.345,106.36099999999999,13
9019,1066,4,214,14,6,1:47.877,1:45.514,1:44.204,107.87700000000001,105.51400000000001,7
9020,1066,822,131,77,7,1:46.396,1:45.306,1:44.710,106.396,105.306,2
9021,1066,840,117,18,8,1:48.322,1:46.360,1:44.956,108.322,106.36,12
9022,1066,815,9,11,9,1:46.455,1:45.834,1:45.337,106.455,105.834,3
9023,1066,839,214,31,10,1:48.099,1:46.070,1:45.865,108.09899999999999,106.07,9
9024,1066,20,117,5,11,1:47.205,1:46.573,\N,107.205,106.57300000000001,4
9025,1066,842,213,10,12,1:47.828,1:46.641,\N,107.828,106.64099999999999,6
9026,1066,852,213,22,13,1:48.854,1:46.751,\N,108.854,106.751,15
9027,1066,849,3,6,14,1:48.252,\N,\N,108.25200000000001,NA,10
9028,1066,844,6,16,15,1:48.470,\N,\N,108.47,NA,14
9029,1066,8,51,7,16,1:49.586,\N,\N,109.586,NA,16
9030,1066,854,210,47,17,1:49.830,\N,\N,109.83,NA,17
9031,1066,841,51,99,18,1:51.023,\N,\N,111.023,NA,18
9032,1066,853,210,9,19,1:53.764,\N,\N,113.76400000000001,NA,19
9036,1067,1,131,44,1,1:24.585,1:23.082,1:22.868,84.58500000000001,83.082,1
9037,1067,822,131,77,2,1:25.047,1:23.579,1:22.998,85.047,83.57900000000001,6
9038,1067,830,9,33,3,1:24.592,1:23.732,1:23.196,84.592,83.732,2
9039,1067,844,6,16,4,1:24.869,1:24.015,1:23.265,84.869,84.015,4
9040,1067,842,213,10,5,1:24.704,1:23.817,1:23.326,84.70400000000001,83.81700000000001,3
9041,1067,4,214,14,6,1:25.174,1:23.914,1:23.477,85.174,83.914,8
9042,1067,815,9,11,7,1:24.963,1:23.961,1:23.706,84.963,83.961,5
9043,1067,846,1,4,8,1:25.138,1:24.642,1:23.954,85.138,84.642,7
9044,1067,840,117,18,9,1:25.511,1:24.601,1:24.305,85.511,84.601,13
9045,1067,852,213,22,10,1:25.409,1:24.054,1:24.368,85.40899999999999,84.054,10
9046,1067,20,117,5,11,1:25.787,1:24.795,\N,85.787,84.795,15
9047,1067,839,214,31,12,1:25.422,1:24.842,\N,85.422,84.842,12
9048,1067,847,3,63,13,1:25.417,1:25.007,\N,85.417,85.007,11
9049,1067,854,210,47,14,1:25.555,1:25.200,\N,85.555,85.2,14
9050,1067,832,6,55,15,1:25.177,\N,\N,85.17699999999999,NA,9
9051,1067,817,1,3,16,1:25.881,\N,\N,85.881,NA,16
9052,1067,849,3,6,17,1:26.086,\N,\N,86.086,NA,17
9053,1067,841,51,99,18,1:26.430,\N,\N,86.43,NA,18
9054,1067,8,51,7,19,1:27.525,\N,\N,87.525,NA,19
9055,1067,853,210,9,20,1:28.449,\N,\N,88.449,NA,20
9056,1069,830,9,33,1,1:34.352,1:33.464,1:32.910,94.352,93.464,2
9057,1069,1,131,44,2,1:34.579,1:33.797,1:33.119,94.57900000000001,93.797,8
9058,1069,815,9,11,3,1:34.369,1:34.178,1:33.134,94.369,94.178,3
9059,1069,822,131,77,4,1:34.590,1:33.959,1:33.475,94.59,93.959,9
9060,1069,844,6,16,5,1:34.153,1:33.928,1:33.606,94.15299999999999,93.928,1
9061,1069,832,6,55,6,1:34.558,1:34.126,1:33.792,94.55799999999999,94.126,6
9062,1069,817,1,3,7,1:34.407,1:34.643,1:33.808,94.407,94.643,4
9063,1069,846,1,4,8,1:34.551,1:33.880,1:33.887,94.551,93.88,5
9064,1069,842,213,10,9,1:34.567,1:34.583,1:34.118,94.56700000000001,94.583,7
9065,1069,852,213,22,10,1:35.360,1:35.137,1:34.918,95.36,95.137,11
9066,1069,839,214,31,11,1:35.747,1:35.377,\N,95.747,95.37700000000001,13
9067,1069,20,117,5,12,1:35.281,1:35.500,\N,95.281,95.5,10
9068,1069,841,51,99,13,1:35.920,1:35.794,\N,95.92,95.794,15
9069,1069,4,214,14,14,1:35.756,1:44.549,\N,95.756,104.549,14
9070,1069,847,3,63,15,1:35.746,\N,\N,95.74600000000001,NA,12
9071,1069,840,117,18,16,1:35.983,\N,\N,95.983,NA,16
9072,1069,849,3,6,17,1:35.995,\N,\N,95.995,NA,17
9073,1069,8,51,7,18,1:36.311,\N,\N,96.311,NA,18
9074,1069,854,210,47,19,1:36.499,\N,\N,96.499,NA,19
9075,1069,853,210,9,20,1:36.796,\N,\N,96.79599999999999,NA,20
9076,1070,822,131,77,1,1:16.727,1:16.864,1:15.875,76.727,76.864,1
9077,1070,1,131,44,2,1:17.207,1:16.474,1:16.020,77.207,76.474,6
9078,1070,830,9,33,3,1:16.788,1:16.483,1:16.225,76.788,76.483,3
9079,1070,815,9,11,4,1:17.003,1:17.055,1:16.342,77.003,77.055,5
9080,1070,842,213,10,5,1:16.908,1:16.955,1:16.456,76.908,76.955,4
9081,1070,832,6,55,6,1:17.517,1:17.248,1:16.761,77.517,77.248,9
9082,1070,817,1,3,7,1:17.719,1:17.092,1:16.763,77.719,77.092,12
9083,1070,844,6,16,8,1:16.748,1:17.034,1:16.837,76.748,77.03399999999999,2
9084,1070,852,213,22,9,1:17.330,1:16.701,1:17.158,77.33,76.701,7
9085,1070,846,1,4,10,1:17.569,1:17.473,1:36.830,77.569,77.473,10
9086,1070,20,117,5,11,1:17.502,1:17.746,\N,77.502,77.746,8
9087,1070,8,51,7,12,1:17.606,1:17.958,\N,77.606,77.958,11
9088,1070,847,3,63,13,1:17.958,1:18.172,\N,77.958,78.172,14
9089,1070,841,51,99,14,1:17.897,1:18.290,\N,77.89699999999999,78.28999999999999,13
9090,1070,839,214,31,15,1:18.126,1:18.405,\N,78.126,78.405,15
9091,1070,4,214,14,16,1:18.452,\N,\N,78.452,NA,16
9092,1070,849,3,6,17,1:18.756,\N,\N,78.756,NA,17
9093,1070,854,210,47,18,1:18.858,\N,\N,78.858,NA,18
9094,1070,853,210,9,19,1:19.303,\N,\N,79.303,NA,19
9095,1070,840,117,18,20,1:20.873,\N,\N,80.873,NA,20
9096,1071,1,131,44,1,1:08.733,1:08.068,1:07.934,68.733,68.068,1
9097,1071,830,9,33,2,1:09.329,1:08.499,1:08.372,69.32900000000001,68.499,6
9098,1071,822,131,77,3,1:09.040,1:08.426,1:08.469,69.03999999999999,68.426,2
9099,1071,815,9,11,4,1:09.172,1:08.973,1:08.483,69.172,68.973,5
9100,1071,842,213,10,5,1:09.347,1:08.903,1:08.777,69.347,68.903,8
9101,1071,832,6,55,6,1:09.046,1:09.031,1:08.826,69.04599999999999,69.031,3
9102,1071,844,6,16,7,1:09.155,1:08.859,1:08.960,69.155,68.859,4
9103,1071,846,1,4,8,1:09.365,1:09.030,1:08.980,69.365,69.03,10
9104,1071,817,1,3,9,1:09.374,1:09.093,1:09.039,69.374,69.093,11
9105,1071,4,214,14,10,1:09.391,1:09.137,1:09.113,69.391,69.137,12
9106,1071,839,214,31,11,1:09.430,1:09.189,\N,69.43,69.189,13
9107,1071,20,117,5,12,1:09.451,1:09.399,\N,69.451,69.399,14
9108,1071,852,213,22,13,1:09.350,1:09.483,\N,69.35,69.483,9
9109,1071,8,51,7,14,1:09.598,1:09.503,\N,69.598,69.503,15
9110,1071,841,51,99,15,1:09.342,1:10.227,\N,69.342,70.227,7
9111,1071,840,117,18,16,1:09.663,\N,\N,69.663,NA,16
9112,1071,849,3,6,17,1:09.897,\N,\N,69.897,NA,17
9113,1071,847,3,63,18,1:09.953,\N,\N,69.953,NA,18
9114,1071,854,210,47,19,1:10.329,\N,\N,70.32900000000001,NA,19
9115,1071,853,210,9,20,1:10.589,\N,\N,70.589,NA,20
9116,1051,1,131,44,1,1:21.901,1:21.682,1:20.827,81.901,81.682,1
9117,1051,830,9,33,2,1:21.996,1:21.984,1:21.282,81.996,81.98400000000001,2
9118,1051,822,131,77,3,1:22.016,1:21.991,1:21.478,82.01599999999999,81.991,3
9119,1051,842,213,10,4,1:22.535,1:21.728,1:21.640,82.535,81.72800000000001,8
9120,1051,4,214,14,5,1:22.422,1:21.894,1:21.670,82.422,81.894,6
9121,1051,846,1,4,6,1:22.839,1:22.216,1:21.731,82.839,82.21600000000001,14
9122,1051,832,6,55,7,1:22.304,1:22.241,1:21.840,82.304,82.241,4
9123,1051,852,213,22,8,1:22.458,1:22.058,1:21.881,82.458,82.05799999999999,7
9124,1051,839,214,31,9,1:22.565,1:22.012,1:22.028,82.565,82.012,11
9125,1051,20,117,5,10,1:22.549,1:22.146,1:22.785,82.549,82.146,9
9126,1051,815,9,11,11,1:22.398,1:22.346,\N,82.398,82.346,5
9127,1051,840,117,18,12,1:22.551,1:22.460,\N,82.551,82.46000000000001,10
9128,1051,844,6,16,13,1:22.742,1:22.463,\N,82.742,82.463,13
9129,1051,817,1,3,14,1:22.688,1:22.597,\N,82.688,82.59700000000001,12
9130,1051,847,3,63,15,1:22.863,1:22.756,\N,82.863,82.756,15
9131,1051,8,51,7,16,1:23.156,\N,\N,83.156,NA,16
9132,1051,849,3,6,17,1:23.213,\N,\N,83.213,NA,17
9133,1051,841,51,99,18,1:23.262,\N,\N,83.262,NA,18
9134,1051,854,210,47,19,1:23.407,\N,\N,83.407,NA,19
9135,1051,853,210,9,20,1:25.859,\N,\N,85.85900000000001,NA,20
9136,1072,1,131,44,1,1:28.466,1:27.712,1:27.511,88.46600000000001,87.712,9
9137,1072,822,131,77,2,1:28.057,1:28.054,1:27.622,88.057,88.054,2
9138,1072,830,9,33,3,1:28.285,1:27.953,1:27.653,88.285,87.953,5
9139,1072,844,6,16,4,1:28.310,1:28.459,1:28.054,88.31,88.459,6
9140,1072,815,9,11,5,1:28.021,1:27.946,1:28.123,88.021,87.946,1
9141,1072,842,213,10,6,1:28.401,1:28.314,1:28.125,88.401,88.314,8
9142,1072,846,1,4,7,1:28.338,1:28.344,1:28.180,88.338,88.344,7
9143,1072,852,213,22,8,1:28.503,1:28.222,1:28.442,88.503,88.22200000000001,10
9144,1072,839,214,31,9,1:28.752,1:28.574,1:28.647,88.752,88.574,11
9145,1072,841,51,99,10,1:28.899,1:28.616,1:28.754,88.899,88.616,13
9146,1072,817,1,3,11,1:28.216,1:28.668,\N,88.21600000000001,88.668,3
9147,1072,8,51,7,12,1:28.856,1:28.885,\N,88.856,88.885,12
9148,1072,4,214,14,13,1:28.944,1:28.920,\N,88.944,88.92,15
9149,1072,847,3,63,14,1:28.926,1:29.054,\N,88.926,89.054,14
9150,1072,832,6,55,15,1:28.237,1:53.652,\N,88.237,113.652,4
9151,1072,849,3,6,16,1:29.177,\N,\N,89.17699999999999,NA,16
9152,1072,20,117,5,17,1:29.198,\N,\N,89.19800000000001,NA,17
9153,1072,840,117,18,18,1:29.368,\N,\N,89.368,NA,18
9154,1072,854,210,47,19,1:29.464,\N,\N,89.464,NA,19
9155,1072,853,210,9,20,1:30.473,\N,\N,90.473,NA,20
9156,1073,830,9,33,1,1:23.322,1:22.800,1:22.109,83.322,82.8,3
9157,1073,1,131,44,2,1:22.845,1:23.145,1:22.480,82.845,83.145,1
9158,1073,846,1,4,3,1:23.553,1:23.256,1:22.931,83.553,83.256,8
9159,1073,815,9,11,4,1:23.350,1:23.135,1:22.947,83.35,83.135,4
9160,1073,832,6,55,5,1:23.624,1:23.174,1:22.992,83.624,83.174,9
9161,1073,822,131,77,6,1:23.117,1:23.246,1:23.036,83.117,83.246,2
9162,1073,844,6,16,7,1:23.467,1:23.202,1:23.122,83.467,83.202,6
9163,1073,852,213,22,8,1:23.428,1:23.404,1:23.220,83.428,83.404,5
9164,1073,839,214,31,9,1:23.764,1:23.420,1:23.389,83.764,83.42,10
9165,1073,817,1,3,10,1:23.829,1:23.448,1:23.409,83.82900000000001,83.44800000000001,11
9166,1073,4,214,14,11,1:23.846,1:23.460,\N,83.846,83.46000000000001,12
9167,1073,842,213,10,12,1:23.489,1:24.043,\N,83.489,84.043,7
9168,1073,840,117,18,13,1:24.061,1:24.066,\N,84.061,84.066,13
9169,1073,841,51,99,14,1:24.118,1:24.251,\N,84.118,84.251,14
9170,1073,20,117,5,15,1:24.225,1:24.305,\N,84.225,84.305,15
9171,1073,849,3,6,16,1:24.338,\N,\N,84.338,NA,16
9172,1073,847,3,63,17,1:24.423,\N,\N,84.423,NA,17
9173,1073,8,51,7,18,1:24.779,\N,\N,84.779,NA,18
9174,1073,854,210,47,19,1:24.906,\N,\N,84.906,NA,19
9175,1073,853,210,9,20,1:25.685,\N,\N,85.685,NA,20
9176,1074,844,6,16,1,1:31.471,1:30.932,1:30.558,91.471,90.932,1
9177,1074,830,9,1,2,1:31.785,1:30.757,1:30.681,91.785,90.757,3
9178,1074,832,6,55,3,1:31.567,1:30.787,1:30.687,91.56700000000001,90.787,2
9179,1074,815,9,11,4,1:32.311,1:31.008,1:30.921,92.311,91.008,11
9180,1074,1,131,44,5,1:32.285,1:31.048,1:31.238,92.285,91.048,10
9181,1074,822,51,77,6,1:31.919,1:31.717,1:31.560,91.919,91.717,4
9182,1074,825,210,20,7,1:31.955,1:31.461,1:31.808,91.955,91.461,5
9183,1074,4,214,14,8,1:32.346,1:31.621,1:32.195,92.346,91.621,12
9184,1074,847,131,63,9,1:32.269,1:31.252,1:32.216,92.269,91.252,9
9185,1074,842,213,10,10,1:32.096,1:31.635,1:32.338,92.096,91.635,7
9186,1074,839,214,31,11,1:32.041,1:31.782,\N,92.041,91.782,6
9187,1074,854,210,47,12,1:32.380,1:31.998,\N,92.38,91.998,13
9188,1074,846,1,4,13,1:32.239,1:32.008,\N,92.239,92.00800000000001,8
9189,1074,848,3,23,14,1:32.726,1:32.664,\N,92.726,92.664,15
9190,1074,855,51,24,15,1:32.493,1:33.543,\N,92.493,93.543,14
9191,1074,852,213,22,16,1:32.750,\N,\N,92.75,NA,16
9192,1074,807,117,27,17,1:32.777,\N,\N,92.777,NA,17
9193,1074,817,1,3,18,1:32.945,\N,\N,92.945,NA,18
9194,1074,840,117,18,19,1:33.032,\N,\N,93.032,NA,19
9195,1074,849,3,6,20,1:33.634,\N,\N,93.634,NA,20
9225,1075,855,51,24,13,1:29.978,1:29.819,\N,89.97800000000001,89.819,10
9224,1075,817,1,3,12,1:30.009,1:29.773,\N,90.009,89.773,12
9223,1075,846,1,4,11,1:29.957,1:29.651,\N,89.957,89.651,9
9222,1075,825,210,20,10,1:29.831,1:29.546,1:29.588,89.831,89.54599999999999,7
9221,1075,842,213,10,9,1:29.891,1:29.418,1:29.254,89.89099999999999,89.418,8
9220,1075,822,51,77,8,1:29.683,1:29.404,1:29.183,89.68299999999999,89.404,5
9219,1075,4,214,14,7,1:29.978,1:29.295,1:29.147,89.97800000000001,89.295,10
9218,1075,847,131,63,6,1:29.680,1:29.618,1:29.104,89.68,89.618,4
9217,1075,839,214,31,5,1:30.093,1:29.584,1:29.068,90.093,89.584,13
9216,1075,830,9,1,4,1:28.928,1:28.945,1:28.461,88.928,88.945,2
9215,1075,832,6,55,3,1:28.855,1:28.686,1:28.402,88.855,88.686,1
9214,1075,844,6,16,2,1:29.039,1:28.780,1:28.225,89.039,88.78,3
9213,1075,815,9,11,1,1:29.705,1:28.924,1:28.200,89.705,88.924,6
9226,1075,854,210,47,14,1:30.167,1:29.920,\N,90.167,89.92,14
9227,1075,840,117,18,15,1:30.256,1:31.009,\N,90.256,91.009,15
9228,1075,1,131,44,16,1:30.343,\N,\N,90.343,NA,16
9229,1075,848,3,23,17,1:30.492,\N,\N,90.492,NA,17
9230,1075,807,117,27,18,1:30.543,\N,\N,90.543,NA,18
9231,1075,849,3,6,19,1:31.817,\N,\N,91.81700000000001,NA,19
9233,1076,844,6,16,1,1:18.881,1:18.606,1:17.868,78.881,78.606,3
9234,1076,830,9,1,2,1:18.580,1:18.611,1:18.154,78.58,78.611,1
9235,1076,815,9,11,3,1:18.834,1:18.340,1:18.240,78.834,78.34,2
9236,1076,846,1,4,4,1:19.280,1:19.066,1:18.703,79.28,79.066,7
9237,1076,1,131,44,5,1:19.401,1:19.106,1:18.825,79.401,79.106,8
9238,1076,847,131,63,6,1:19.405,1:19.076,1:18.933,79.405,79.076,9
9239,1076,817,1,3,7,1:19.665,1:19.130,1:19.032,79.66499999999999,79.13,12
9240,1076,839,214,31,8,1:19.605,1:19.136,1:19.061,79.605,79.136,11
9241,1076,832,6,55,9,1:18.983,1:18.469,1:19.408,78.983,78.469,4
9242,1076,4,214,14,10,1:19.192,1:18.815,NA,79.19200000000001,78.815,5
9243,1076,842,213,10,11,1:19.580,1:19.226,NA,79.58,79.226,10
9244,1076,822,51,77,12,1:19.251,1:19.410,NA,79.251,79.41,6
9245,1076,852,213,22,13,1:19.742,1:19.424,NA,79.742,79.424,13
9246,1076,855,51,24,14,1:19.910,1:20.155,NA,79.91,80.155,14
9247,1076,854,210,47,15,1:20.104,1:20.465,NA,80.104,80.465,15
9248,1076,848,3,23,16,1:20.135,NA,NA,80.135,NA,16
9249,1076,825,210,20,17,1:20.254,NA,NA,80.254,NA,17
9250,1076,20,117,5,18,1:21.149,NA,NA,81.149,NA,18
9251,1076,849,3,6,19,1:21.372,NA,NA,81.372,NA,19
9253,1077,830,9,1,1,1:19.295,1:18.793,1:27.999,79.295,78.793,2
9254,1077,844,6,16,2,1:18.796,1:19.584,1:28.778,78.79599999999999,79.584,1
9255,1077,846,1,4,3,1:20.168,1:19.294,1:29.131,80.168,79.294,8
9256,1077,825,210,20,4,1:20.147,1:19.902,1:29.164,80.14699999999999,79.902,7
9257,1077,4,214,14,5,1:20.198,1:19.595,1:29.202,80.19800000000001,79.595,9
9258,1077,817,1,3,6,1:19.980,1:20.031,1:29.742,79.98,80.031,6
9259,1077,815,9,11,7,1:19.773,1:19.296,1:29.808,79.773,79.29599999999999,5
9260,1077,822,51,77,8,1:20.419,1:20.192,1:30.439,80.419,80.19200000000001,13
9261,1077,20,117,5,9,1:20.364,1:19.957,1:31.062,80.364,79.957,11
9262,1077,832,6,55,10,1:19.305,1:18.990,NA,79.305,78.99,3
9263,1077,847,131,63,11,1:20.383,1:20.757,NA,80.383,80.757,12
9264,1077,854,210,47,12,1:20.422,1:20.916,NA,80.422,80.916,14
9265,1077,1,131,44,13,1:20.470,1:21.138,NA,80.47,81.138,15
9266,1077,855,51,24,14,1:19.730,1:21.434,NA,79.73,81.434,4
9267,1077,840,117,18,15,1:20.342,1:28.119,NA,80.342,88.119,10
9268,1077,852,213,22,16,1:20.474,NA,NA,80.474,NA,16
9269,1077,842,213,10,17,1:20.732,NA,NA,80.732,NA,17
9270,1077,849,3,6,18,1:21.971,NA,NA,81.971,NA,18
9271,1077,839,214,31,19,1:22.338,NA,NA,82.338,NA,19
9273,1078,844,6,16,1,1:29.474,1:29.130,1:28.796,89.474,89.13,1
9274,1078,832,6,55,2,1:30.079,1:29.729,1:28.986,90.07900000000001,89.729,4
9275,1078,830,9,1,3,1:29.836,1:29.202,1:28.991,89.836,89.202,2
9276,1078,815,9,11,4,1:30.055,1:29.673,1:29.036,90.055,89.673,3
9277,1078,822,51,77,5,1:30.845,1:29.751,1:29.475,90.845,89.751,15
9278,1078,1,131,44,6,1:30.388,1:29.797,1:29.625,90.388,89.797,5
9279,1078,842,213,10,7,1:30.779,1:30.128,1:29.690,90.779,90.128,14
9280,1078,846,1,4,8,1:30.761,1:29.634,1:29.750,90.761,89.634,13
9281,1078,852,213,22,9,1:30.485,1:30.031,1:29.932,90.485,90.031,8
9282,1078,840,117,18,10,1:30.441,1:29.996,1:30.676,90.441,89.996,7
9283,1078,4,214,14,11,1:30.407,1:30.160,NA,90.407,90.16,6
9284,1078,847,131,63,12,1:30.490,1:30.173,NA,90.49,90.173,9
9285,1078,20,117,5,13,1:30.677,1:30.214,NA,90.67699999999999,90.214,12
9286,1078,817,1,3,14,1:30.583,1:30.310,NA,90.583,90.31,10
9287,1078,854,210,47,15,1:30.645,1:30.423,NA,90.645,90.423,11
9288,1078,825,210,20,16,1:30.975,NA,NA,90.975,NA,16
9289,1078,855,51,24,17,1:31.020,NA,NA,91.02,NA,17
9290,1078,848,3,23,18,1:31.266,NA,NA,91.26599999999999,NA,18
9291,1078,849,3,6,19,1:31.325,NA,NA,91.325,NA,19
9293,1079,844,6,16,1,1:19.861,1:19.969,1:18.750,79.861,79.969,1
9294,1079,830,9,1,2,1:20.091,1:19.219,1:19.073,80.09100000000001,79.219,3
9295,1079,832,6,55,3,1:19.892,1:19.453,1:19.166,79.892,79.453,2
9296,1079,847,131,63,4,1:20.218,1:19.470,1:19.393,80.218,79.47,4
9297,1079,815,9,11,5,1:20.447,1:19.830,1:19.420,80.447,79.83,8
9298,1079,1,131,44,6,1:20.252,1:19.794,1:19.512,80.252,79.794,6
9299,1079,822,51,77,7,1:20.355,1:20.053,1:19.608,80.355,80.053,7
9300,1079,825,210,20,8,1:20.227,1:19.810,1:19.682,80.227,79.81,5
9301,1079,817,1,3,9,1:20.549,1:20.287,1:20.297,80.549,80.287,10
9302,1079,854,210,47,10,1:20.683,1:20.436,1:20.368,80.68299999999999,80.436,11
9303,1079,846,1,4,11,1:20.838,1:20.471,\N,80.838,80.471,14
9304,1079,839,214,31,12,1:20.880,1:20.638,\N,80.88,80.638,15
9305,1079,852,213,22,13,1:20.707,1:20.639,\N,80.707,80.639,12
9306,1079,842,213,10,14,1:20.719,1:20.861,\N,80.719,80.861,13
9307,1079,855,51,24,15,1:20.476,1:21.094,\N,80.476,81.094,9
9308,1079,20,117,5,16,1:20.954,\N,\N,80.95400000000001,NA,16
9309,1079,4,214,14,17,1:21.043,\N,\N,81.043,NA,17
9310,1079,840,117,18,18,1:21.418,\N,\N,81.418,NA,18
9311,1079,848,3,23,19,1:21.645,\N,\N,81.645,NA,19
9312,1079,849,3,6,20,1:21.915,\N,\N,81.91499999999999,NA,20
9313,1080,844,6,16,1,1:12.569,1:11.864,1:11.376,72.569,71.864,1
9314,1080,832,6,55,2,1:12.616,1:12.074,1:11.601,72.616,72.074,2
9315,1080,815,9,11,3,1:13.004,1:11.954,1:11.629,73.004,71.95400000000001,7
9316,1080,830,9,1,4,1:12.993,1:12.117,1:11.666,72.993,72.117,6
9317,1080,846,1,4,5,1:12.927,1:12.266,1:11.849,72.92699999999999,72.266,5
9318,1080,847,131,63,6,1:12.787,1:12.617,1:12.112,72.787,72.617,3
9319,1080,4,214,14,7,1:13.394,1:12.688,1:12.247,73.394,72.688,12
9320,1080,1,131,44,8,1:13.444,1:12.595,1:12.560,73.444,72.595,13
9321,1080,20,117,5,9,1:13.313,1:12.613,1:12.732,73.313,72.613,10
9322,1080,839,214,31,10,1:12.848,1:12.528,1:13.047,72.848,72.528,4
9323,1080,852,213,22,11,1:13.110,1:12.797,NA,73.11,72.797,9
9324,1080,822,51,77,12,1:13.541,1:12.909,NA,73.541,72.909,15
9325,1080,825,210,20,13,1:13.069,1:12.921,NA,73.069,72.92099999999999,8
9326,1080,817,1,3,14,1:13.338,1:12.964,NA,73.338,72.964,11
9327,1080,854,210,47,15,1:13.469,1:13.081,NA,73.469,73.081,14
9328,1080,848,3,23,16,1:13.611,NA,NA,73.611,NA,16
9329,1080,842,213,10,17,1:13.660,NA,NA,73.66,NA,17
9330,1080,840,117,18,18,1:13.678,NA,NA,73.678,NA,18
9331,1080,849,3,6,19,1:14.403,NA,NA,74.403,NA,19
9332,1080,855,51,24,20,1:15.606,NA,NA,75.606,NA,20
9333,1081,844,6,16,1,1:42.865,1:42.046,1:41.359,102.86500000000001,102.04599999999999,3
9334,1081,815,9,11,2,1:42.733,1:41.955,1:41.641,102.733,101.955,2
9335,1081,830,9,1,3,1:42.722,1:42.227,1:41.706,102.72200000000001,102.227,1
9336,1081,832,6,55,4,1:42.957,1:42.088,1:41.814,102.957,102.088,4
9337,1081,847,131,63,5,1:43.754,1:43.281,1:42.712,103.75399999999999,103.281,8
9338,1081,842,213,10,6,1:43.268,1:43.129,1:42.845,103.268,103.12899999999999,5
9339,1081,1,131,44,7,1:43.939,1:43.182,1:42.924,103.939,103.182,11
9340,1081,852,213,22,8,1:43.595,1:43.376,1:43.056,103.595,103.376,7
9341,1081,20,117,5,9,1:43.279,1:43.268,1:43.091,103.279,103.268,6
9342,1081,4,214,14,10,1:44.083,1:43.360,1:43.173,104.083,103.36,12
9343,1081,846,1,4,11,1:44.237,1:43.398,\N,104.237,103.398,13
9344,1081,817,1,3,12,1:44.437,1:43.574,\N,104.437,103.574,14
9345,1081,839,214,31,13,1:43.903,1:43.585,\N,103.90299999999999,103.58500000000001,10
9346,1081,855,51,24,14,1:43.777,1:43.790,\N,103.777,103.78999999999999,9
9347,1081,822,51,77,15,1:44.478,1:44.444,\N,104.47800000000001,104.444,15
9348,1081,825,210,20,16,1:44.643,\N,\N,104.643,NA,16
9349,1081,848,3,23,17,1:44.719,\N,\N,104.719,NA,17
9350,1081,849,3,6,18,1:45.367,\N,\N,105.36699999999999,NA,18
9351,1081,840,117,18,19,1:45.371,\N,\N,105.37100000000001,NA,19
9352,1081,854,210,47,20,1:45.775,\N,\N,105.775,NA,20
9353,1082,830,9,1,1,1:32.219,1:23.746,1:21.299,92.219,83.746,1
9354,1082,4,214,14,2,1:32.277,1:24.848,1:21.944,92.277,84.848,2
9355,1082,832,6,55,3,1:32.781,1:25.197,1:22.096,92.781,85.197,3
9356,1082,1,131,44,4,1:33.841,1:25.543,1:22.891,93.84100000000001,85.543,12
9357,1082,825,210,20,5,1:32.957,1:26.254,1:22.960,92.957,86.254,4
9358,1082,854,210,47,6,1:33.707,1:25.684,1:23.356,93.707,85.684,11
9359,1082,839,214,31,7,1:33.012,1:26.135,1:23.529,93.012,86.135,6
9360,1082,847,131,63,8,1:33.160,1:24.950,1:23.557,93.16,84.95,7
9361,1082,817,1,3,9,1:33.636,1:26.375,1:23.749,93.636,86.375,8
9362,1082,855,51,24,10,1:33.692,1:26.116,1:24.030,93.69200000000001,86.116,10
9363,1082,822,51,77,11,1:33.689,1:26.788,\N,93.689,86.788,9
9364,1082,848,3,23,12,1:34.047,1:26.858,\N,94.047,86.858,14
9365,1082,815,9,11,13,1:33.929,1:33.127,\N,93.929,93.12700000000001,13
9366,1082,846,1,4,14,1:34.066,\N,\N,94.066,NA,15
9367,1082,844,6,16,15,1:33.008,\N,\N,93.00800000000001,NA,5
9368,1082,842,213,10,16,1:34.492,\N,\N,94.49199999999999,NA,16
9369,1082,20,117,5,17,1:34.512,\N,\N,94.512,NA,17
9370,1082,840,117,18,18,1:35.532,\N,\N,95.532,NA,18
9371,1082,849,3,6,19,1:35.660,\N,\N,95.66,NA,19
9372,1082,852,213,22,20,1:36.575,\N,\N,96.575,NA,20
9373,1083,832,6,55,1,1:40.190,1:41.602,1:40.983,100.19,101.602,4
9374,1083,830,9,1,2,1:39.129,1:40.655,1:41.055,99.12899999999999,100.655,1
9375,1083,844,6,16,3,1:39.846,1:41.247,1:41.298,99.846,101.247,2
9376,1083,815,9,11,4,1:40.521,1:42.513,1:41.616,100.521,102.513,6
9377,1083,1,131,44,5,1:40.428,1:41.062,1:41.995,100.428,101.062,5
9378,1083,846,1,4,6,1:41.515,1:41.821,1:42.084,101.515,101.821,9
9379,1083,4,214,14,7,1:41.598,1:42.209,1:42.116,101.598,102.209,10
9380,1083,847,131,63,8,1:40.028,1:41.725,1:42.161,100.02799999999999,101.725,3
9381,1083,855,51,24,9,1:40.791,1:42.640,1:42.719,100.791,102.64,7
9382,1083,849,3,6,10,1:41.998,1:43.273,2:03.095,101.99799999999999,103.273,15
9383,1083,842,213,10,11,1:41.680,1:43.702,\N,101.68,103.702,11
9384,1083,822,51,77,12,1:41.396,1:44.232,\N,101.396,104.232,8
9385,1083,852,213,22,13,1:41.893,1:44.311,\N,101.893,104.311,13
9386,1083,817,1,3,14,1:41.933,1:44.355,\N,101.93299999999999,104.35499999999999,14
9387,1083,839,214,31,15,1:41.730,1:45.190,\N,101.72999999999999,105.19,12
9388,1083,848,3,23,16,1:42.078,\N,\N,102.078,NA,16
9389,1083,825,210,20,17,1:42.159,\N,\N,102.15899999999999,NA,17
9390,1083,20,117,5,18,1:42.666,\N,\N,102.666,NA,18
9391,1083,854,210,47,19,1:42.708,\N,\N,102.708,NA,19
9392,1083,840,117,18,20,1:43.430,\N,\N,103.43,NA,20
9393,1084,830,9,1,1,1:05.852,1:05.374,1:04.984,65.852,65.374,3
9394,1084,844,6,16,2,1:05.419,1:05.287,1:05.013,65.419,65.287,1
9395,1084,832,6,55,3,1:05.660,1:05.576,1:05.066,65.66,65.576,2
9396,1084,847,131,63,4,1:06.235,1:05.697,1:05.431,66.235,65.697,7
9397,1084,839,214,31,5,1:06.468,1:05.993,1:05.726,66.468,65.993,13
9398,1084,825,210,20,6,1:06.366,1:05.894,1:05.879,66.366,65.894,9
9399,1084,854,210,47,7,1:06.405,1:06.151,1:06.011,66.405,66.151,10
9400,1084,4,214,14,8,1:06.016,1:06.082,1:06.103,66.016,66.082,4
9401,1084,1,131,44,9,1:06.079,1:05.475,1:13.151,66.079,65.475,5
9402,1084,842,213,10,10,1:06.589,1:06.160,\N,66.589,66.16,15
9403,1084,848,3,23,11,1:06.516,1:06.230,\N,66.516,66.23,14
9404,1084,822,51,77,12,1:06.442,1:06.319,\N,66.44200000000001,66.319,11
9405,1084,815,9,11,13,1:06.143,1:06.458,\N,66.143,66.458,6
9406,1084,852,213,22,14,1:06.463,1:06.851,\N,66.463,66.851,12
9407,1084,846,1,4,15,1:06.330,1:25.847,\N,66.33,85.84700000000001,8
9408,1084,817,1,3,16,1:06.613,\N,\N,66.613,NA,16
9409,1084,840,117,18,17,1:06.847,\N,\N,66.847,NA,17
9410,1084,855,51,24,18,1:06.901,\N,\N,66.901,NA,18
9411,1084,849,3,6,19,1:07.003,\N,\N,67.003,NA,19
9412,1084,20,117,5,20,1:07.083,\N,\N,67.083,NA,20
9413,1085,844,6,16,1,1:31.727,1:31.216,1:30.872,91.727,91.21600000000001,1
9414,1085,830,9,1,2,1:31.891,1:31.990,1:31.176,91.89099999999999,91.99,2
9415,1085,815,9,11,3,1:32.354,1:32.120,1:31.335,92.354,92.12,4
9416,1085,1,131,44,4,1:33.041,1:32.274,1:31.765,93.041,92.274,9
9417,1085,846,1,4,5,1:32.672,1:32.777,1:32.032,92.672,92.777,5
9418,1085,847,131,63,6,1:33.109,1:32.633,1:32.131,93.10900000000001,92.63300000000001,10
9419,1085,4,214,14,7,1:32.819,1:32.631,1:32.552,92.819,92.631,7
9420,1085,852,213,22,8,1:33.394,1:32.836,1:32.780,93.394,92.836,13
9421,1085,832,6,55,9,1:32.297,1:31.081,\N,92.297,91.081,3
9422,1085,825,210,20,10,1:32.756,1:32.649,\N,92.756,92.649,6
9423,1085,817,1,3,11,1:33.404,1:32.922,\N,93.404,92.922,14
9424,1085,839,214,31,12,1:33.346,1:33.048,\N,93.346,93.048,12
9425,1085,822,51,77,13,1:33.034,1:33.052,\N,93.03399999999999,93.05199999999999,8
9426,1085,20,117,5,14,1:33.285,1:33.276,\N,93.285,93.27600000000001,11
9427,1085,848,3,23,15,1:33.423,1:33.307,\N,93.423,93.307,15
9428,1085,842,213,10,16,1:33.439,\N,\N,93.439,NA,16
9429,1085,840,117,18,17,1:33.439,\N,\N,93.439,NA,16
9430,1085,855,51,24,18,1:33.674,\N,\N,93.674,NA,18
9431,1085,854,210,47,19,1:33.701,\N,\N,93.701,NA,19
9432,1085,849,3,6,20,1:33.794,\N,\N,93.794,NA,20
9433,1086,847,131,63,1,1:18.407,1:18.154,1:17.377,78.407,78.154,2
9434,1086,832,6,55,2,1:18.434,1:17.946,1:17.421,78.434,77.946,3
9435,1086,844,6,16,3,1:18.806,1:17.768,1:17.567,78.806,77.768,8
9436,1086,846,1,4,4,1:18.653,1:18.121,1:17.769,78.65299999999999,78.121,5
9437,1086,839,214,31,5,1:18.866,1:18.216,1:18.018,78.866,78.21600000000001,9
9438,1086,4,214,14,6,1:18.716,1:17.904,1:18.078,78.71600000000001,77.904,6
9439,1086,1,131,44,7,1:18.374,1:18.035,1:18.142,78.374,78.035,1
9440,1086,822,51,77,8,1:18.935,1:18.445,1:18.157,78.935,78.445,10
9441,1086,817,1,3,9,1:18.775,1:18.198,1:18.379,78.775,78.19800000000001,7
9442,1086,830,9,1,10,1:18.509,1:17.703,1:18.823,78.509,77.703,4
9443,1086,815,9,11,11,1:19.118,1:18.516,\N,79.118,78.51599999999999,13
9444,1086,855,51,24,12,1:18.973,1:18.573,\N,78.973,78.57300000000001,11
9445,1086,825,210,20,13,1:18.993,1:18.825,\N,78.993,78.825,12
9446,1086,840,117,18,14,1:19.205,1:19.137,\N,79.205,79.137,15
9447,1086,854,210,47,15,1:19.164,1:19.202,\N,79.164,79.202,14
9448,1086,852,213,22,16,1:19.240,\N,\N,79.24,NA,16
9449,1086,848,3,23,17,1:19.256,\N,\N,79.256,NA,17
9450,1086,20,117,5,18,1:19.273,\N,\N,79.273,NA,18
9451,1086,842,213,10,19,1:19.527,\N,\N,79.527,NA,19
9452,1086,849,3,6,20,1:19.570,\N,\N,79.57,NA,20
9453,1087,830,9,1,1,1:44.581,1:44.723,1:43.665,104.581,104.723,1
9454,1087,832,6,55,2,1:45.050,1:45.418,1:44.297,105.05,105.418,2
9455,1087,815,9,11,3,1:45.377,1:44.794,1:44.462,105.37700000000001,104.794,3
9456,1087,844,6,16,4,1:45.572,1:44.551,1:44.553,105.572,104.551,4
9457,1087,839,214,31,5,1:46.039,1:45.475,1:45.180,106.039,105.475,9
9458,1087,4,214,14,6,1:46.075,1:45.552,1:45.368,106.075,105.55199999999999,10
9459,1087,1,131,44,7,1:45.736,1:45.420,1:45.503,105.73599999999999,105.42,7
9460,1087,847,131,63,8,1:45.650,1:45.461,1:45.776,105.65,105.461,5
9461,1087,848,3,23,9,1:45.672,1:45.675,1:45.837,105.672,105.675,6
9462,1087,846,1,4,10,1:45.745,1:45.603,1:46.178,105.745,105.60300000000001,8
9463,1087,817,1,3,11,1:46.212,1:45.767,\N,106.212,105.767,13
9464,1087,842,213,10,12,1:46.183,1:45.827,\N,106.18299999999999,105.827,12
9465,1087,855,51,24,13,1:46.178,1:46.085,\N,106.178,106.08500000000001,11
9466,1087,840,117,18,14,1:46.256,1:46.611,\N,106.256,106.61099999999999,14
9467,1087,854,210,47,15,1:46.342,1:47.718,\N,106.342,107.718,15
9468,1087,20,117,5,16,1:46.344,\N,\N,106.344,NA,16
9469,1087,849,3,6,17,1:46.401,\N,\N,106.40100000000001,NA,17
9470,1087,825,210,20,18,1:46.557,\N,\N,106.557,NA,18
9471,1087,852,213,22,19,1:46.692,\N,\N,106.69200000000001,NA,19
9472,1087,822,51,77,20,1:47.866,\N,\N,107.866,NA,20
9473,1088,830,9,1,1,1:11.317,1:10.927,1:10.342,71.31700000000001,70.92699999999999,1
9474,1088,844,6,16,2,1:11.443,1:10.988,1:10.363,71.443,70.988,4
9475,1088,832,6,55,3,1:11.767,1:10.814,1:10.434,71.767,70.814,14
9476,1088,1,131,44,4,1:11.331,1:11.075,1:10.648,71.331,71.075,2
9477,1088,815,9,11,5,1:11.641,1:11.314,1:11.077,71.641,71.314,8
9478,1088,847,131,63,6,1:11.561,1:10.824,1:11.147,71.561,70.824,6
9479,1088,846,1,4,7,1:11.556,1:11.116,1:11.174,71.556,71.116,5
9480,1088,854,210,47,8,1:11.741,1:11.420,1:11.442,71.741,71.42,12
9481,1088,852,213,22,9,1:11.427,1:11.428,1:12.556,71.42699999999999,71.428,3
9482,1088,840,117,18,10,1:11.568,1:11.416,\N,71.568,71.416,7
9483,1088,842,213,10,11,1:11.705,1:11.512,\N,71.705,71.512,11
9484,1088,839,214,31,12,1:11.748,1:11.605,\N,71.748,71.605,13
9485,1088,4,214,14,13,1:11.667,1:11.613,\N,71.667,71.613,9
9486,1088,855,51,24,14,1:11.826,1:11.704,\N,71.826,71.70400000000001,15
9487,1088,848,3,23,15,1:11.695,1:11.802,\N,71.695,71.80199999999999,10
9488,1088,822,51,77,16,1:11.961,\N,\N,71.961,NA,16
9489,1088,817,1,3,17,1:12.081,\N,\N,72.081,NA,17
9490,1088,825,210,20,18,1:12.319,\N,\N,72.319,NA,18
9491,1088,20,117,5,19,1:12.391,\N,\N,72.391,NA,19
9492,1088,849,3,6,20,1:13.353,\N,\N,73.353,NA,20
9493,1089,844,6,16,1,1:21.280,1:21.208,1:20.161,81.28,81.208,2
9494,1089,830,9,1,2,1:20.922,1:21.265,1:20.306,80.922,81.265,1
9495,1089,832,6,55,3,1:21.348,1:20.878,1:20.429,81.348,80.878,3
9496,1089,815,9,11,4,1:21.495,1:21.358,1:21.206,81.495,81.358,4
9497,1089,1,131,44,5,1:22.048,1:21.708,1:21.524,82.048,81.708,9
9498,1089,847,131,63,6,1:21.785,1:21.747,1:21.542,81.785,81.747,5
9499,1089,846,1,4,7,1:22.130,1:21.831,1:21.584,82.13,81.831,11
9500,1089,817,1,3,8,1:22.139,1:21.855,1:21.925,82.139,81.855,12
9501,1089,842,213,10,9,1:22.010,1:22.062,1:22.648,82.01,82.062,7
9502,1089,4,214,14,10,1:22.089,1:21.861,\N,82.089,81.861,10
9503,1089,839,214,31,11,1:22.166,1:22.130,\N,82.166,82.13,13
9504,1089,822,51,77,12,1:22.254,1:22.235,\N,82.254,82.235,14
9505,1089,856,3,45,13,1:22.567,1:22.471,\N,82.56700000000001,82.471,15
9506,1089,855,51,24,14,1:22.003,1:22.577,\N,82.003,82.577,6
9507,1089,852,213,22,15,1:22.020,\N,\N,82.02,NA,8
9508,1089,849,3,6,16,1:22.587,\N,\N,82.587,NA,16
9509,1089,20,117,5,17,1:22.636,\N,\N,82.636,NA,17
9510,1089,840,117,18,18,1:22.748,\N,\N,82.748,NA,18
9511,1089,825,210,20,19,1:22.908,\N,\N,82.908,NA,19
9512,1089,854,210,47,20,1:23.005,\N,\N,83.005,NA,20
9513,1091,844,6,16,1,1:54.129,1:52.343,1:49.412,114.12899999999999,112.343,3
9514,1091,815,9,11,2,1:54.404,1:52.818,1:49.434,114.404,112.818,4
9515,1091,1,131,44,3,1:53.161,1:52.691,1:49.466,113.161,112.691,2
9516,1091,832,6,55,4,1:54.559,1:53.219,1:49.583,114.559,113.219,5
9517,1091,4,214,14,5,1:55.360,1:53.127,1:49.966,115.36,113.12700000000001,9
9518,1091,846,1,4,6,1:55.914,1:53.942,1:50.584,115.914,113.94200000000001,15
9519,1091,842,213,10,7,1:55.606,1:53.546,1:51.211,115.606,113.54599999999999,12
9520,1091,830,9,1,8,1:53.057,1:52.723,1:51.395,113.057,112.723,1
9521,1091,825,210,20,9,1:55.103,1:54.006,1:51.573,115.10300000000001,114.006,7
9522,1091,852,213,22,10,1:55.314,1:53.848,1:51.983,115.314,113.848,8
9523,1091,847,131,63,11,1:54.633,1:54.012,\N,114.63300000000001,114.012,6
9524,1091,840,117,18,12,1:55.629,1:54.211,\N,115.62899999999999,114.211,13
9525,1091,854,210,47,13,1:55.736,1:54.370,\N,115.73599999999999,114.37,14
9526,1091,20,117,5,14,1:55.602,1:54.380,\N,115.602,114.38,11
9527,1091,855,51,24,15,1:55.375,1:55.518,\N,115.375,115.518,10
9528,1091,822,51,77,16,1:56.083,\N,\N,116.083,NA,16
9529,1091,817,1,3,17,1:56.226,\N,\N,116.226,NA,17
9530,1091,839,214,31,18,1:56.337,\N,\N,116.337,NA,18
9531,1091,848,3,23,19,1:56.985,\N,\N,116.985,NA,19
9532,1091,849,3,6,20,1:57.532,\N,\N,117.532,NA,20
9533,1092,830,9,1,1,1:30.224,1:30.346,1:29.304,90.224,90.346,1
9534,1092,844,6,16,2,1:30.402,1:30.486,1:29.314,90.402,90.486,3
9535,1092,832,6,55,3,1:30.336,1:30.444,1:29.361,90.336,90.444,2
9536,1092,815,9,11,4,1:30.622,1:29.925,1:29.709,90.622,89.925,5
9537,1092,839,214,31,5,1:30.696,1:30.357,1:30.165,90.696,90.357,6
9538,1092,1,131,44,6,1:30.906,1:30.443,1:30.261,90.906,90.443,11
9539,1092,4,214,14,7,1:30.603,1:30.343,1:30.322,90.60300000000001,90.343,4
9540,1092,847,131,63,8,1:30.865,1:30.465,1:30.389,90.865,90.465,7
9541,1092,20,117,5,9,1:31.256,1:30.656,1:30.554,91.256,90.656,15
9542,1092,846,1,4,10,1:30.881,1:30.473,1:31.003,90.881,90.473,9
9543,1092,817,1,3,11,1:30.880,1:30.659,\N,90.88,90.65899999999999,8
9544,1092,822,51,77,12,1:31.226,1:30.709,\N,91.226,90.709,14
9545,1092,852,213,22,13,1:31.130,1:30.808,\N,91.13,90.80799999999999,12
9546,1092,855,51,24,14,1:30.894,1:30.953,\N,90.894,90.953,10
9547,1092,854,210,47,15,1:31.152,1:31.439,\N,91.152,91.439,13
9548,1092,848,3,23,16,1:31.311,\N,\N,91.311,NA,16
9549,1092,842,213,10,17,1:31.322,\N,\N,91.322,NA,17
9550,1092,825,210,20,18,1:31.352,\N,\N,91.352,NA,18
9551,1092,840,117,18,19,1:31.419,\N,\N,91.419,NA,19
9552,1092,849,3,6,20,1:31.511,\N,\N,91.511,NA,20
9553,1093,832,6,55,1,1:35.297,1:35.590,1:34.356,95.297,95.59,1
9554,1093,844,6,16,2,1:35.795,1:35.246,1:34.421,95.795,95.24600000000001,2
9555,1093,830,9,1,3,1:35.864,1:35.294,1:34.448,95.864,95.294,3
9556,1093,815,9,11,4,1:36.163,1:35.864,1:34.645,96.163,95.864,5
9557,1093,1,131,44,5,1:36.148,1:35.732,1:34.947,96.148,95.732,4
9558,1093,847,131,63,6,1:36.195,1:35.692,1:34.988,96.195,95.69200000000001,6
9559,1093,840,117,18,7,1:36.860,1:36.032,1:35.598,96.86,96.032,14
9560,1093,846,1,4,8,1:36.465,1:36.341,1:35.690,96.465,96.34100000000001,8
9561,1093,4,214,14,9,1:36.446,1:35.988,1:35.876,96.446,95.988,7
9562,1093,822,51,77,10,1:36.746,1:36.321,1:36.319,96.74600000000001,96.321,12
9563,1093,848,3,23,11,1:36.932,1:36.368,\N,96.932,96.368,15
9564,1093,20,117,5,12,1:36.695,1:36.398,\N,96.695,96.398,11
9565,1093,842,213,10,13,1:36.577,1:36.740,\N,96.577,96.74000000000001,9
9566,1093,855,51,24,14,1:36.656,1:36.970,\N,96.656,96.97,10
9567,1093,852,213,22,15,1:36.808,1:37.147,\N,96.80799999999999,97.14699999999999,13
9568,1093,825,210,20,16,1:36.949,\N,\N,96.949,NA,16
9569,1093,817,1,3,17,1:37.046,\N,\N,97.04599999999999,NA,17
9570,1093,839,214,31,18,1:37.068,\N,\N,97.068,NA,18
9571,1093,854,210,47,19,1:37.111,\N,\N,97.11099999999999,NA,19
9572,1093,849,3,6,20,1:37.244,\N,\N,97.244,NA,20
9573,1094,830,9,1,1,1:19.222,1:18.566,1:17.775,79.22200000000001,78.566,2
9574,1094,847,131,63,2,1:19.583,1:18.565,1:18.079,79.583,78.565,6
9575,1094,1,131,44,3,1:19.169,1:18.552,1:18.084,79.169,78.55199999999999,1
9576,1094,815,9,11,4,1:19.706,1:18.615,1:18.128,79.706,78.615,7
9577,1094,832,6,55,5,1:19.566,1:18.560,1:18.351,79.566,78.56,5
9578,1094,822,51,77,6,1:19.523,1:18.762,1:18.401,79.523,78.762,4
9579,1094,844,6,16,7,1:19.505,1:19.109,1:18.555,79.505,79.10900000000001,3
9580,1094,846,1,4,8,1:19.857,1:19.119,1:18.721,79.857,79.119,8
9581,1094,4,214,14,9,1:20.006,1:19.272,1:18.939,80.006,79.27199999999999,11
9582,1094,839,214,31,10,1:19.945,1:19.081,1:19.010,79.945,79.081,10
9583,1094,817,1,3,11,1:20.279,1:19.325,\N,80.279,79.325,13
9584,1094,855,51,24,12,1:20.283,1:19.476,\N,80.283,79.476,14
9585,1094,852,213,22,13,1:19.907,1:19.589,\N,79.907,79.589,9
9586,1094,842,213,10,14,1:20.256,1:19.672,\N,80.256,79.672,12
9587,1094,825,210,20,15,1:20.293,1:19.833,\N,80.293,79.833,15
9588,1094,854,210,47,16,1:20.419,\N,\N,80.419,NA,16
9589,1094,20,117,5,17,1:20.419,\N,\N,80.419,NA,16
9590,1094,840,117,18,18,1:20.520,\N,\N,80.52,NA,18
9591,1094,848,3,23,19,1:20.859,\N,\N,80.85900000000001,NA,19
9592,1094,849,3,6,20,1:21.167,\N,\N,81.167,NA,20
9593,1095,825,210,20,1,1:13.954,1:11.410,1:11.674,73.95400000000001,71.41,7
9594,1095,830,9,1,2,1:13.625,1:10.881,1:11.877,73.625,70.881,6
9595,1095,847,131,63,3,1:14.427,1:11.318,1:12.059,74.42699999999999,71.318,11
9596,1095,846,1,4,4,1:13.106,1:11.377,1:12.263,73.106,71.377,1
9597,1095,832,6,55,5,1:14.680,1:10.890,1:12.357,74.68,70.89,14
9598,1095,839,214,31,6,1:14.663,1:11.587,1:12.425,74.663,71.587,13
9599,1095,4,214,14,7,1:13.542,1:11.394,1:12.504,73.542,71.394,3
9600,1095,1,131,44,8,1:13.403,1:11.539,1:12.611,73.403,71.539,2
9601,1095,815,9,11,9,1:13.613,1:11.456,1:15.601,73.613,71.456,5
9602,1095,844,6,16,10,1:14.486,1:10.950,NA,74.486,70.95,12
9603,1095,848,3,23,11,1:14.324,1:11.631,NA,74.324,71.631,8
9604,1095,842,213,10,12,1:14.371,1:11.675,NA,74.371,71.675,9
9605,1095,20,117,5,13,1:13.597,1:11.678,NA,73.597,71.678,4
9606,1095,817,1,3,14,1:14.931,1:12.140,NA,74.931,72.14,15
9607,1095,849,3,6,16,1:15.095,\N,\N,75.095,NA,16
9608,1095,855,51,24,17,1:15.197,\N,\N,75.197,NA,17
9609,1095,822,51,77,18,1:15.486,\N,\N,75.486,NA,18
9610,1095,852,213,22,19,1:16.264,\N,\N,76.264,NA,19
9611,1095,854,210,47,20,1:16.361,\N,\N,76.361,NA,20
9612,1095,840,117,18,15,1:14.398,1:12.210,\N,74.398,72.21000000000001,10
9613,1096,830,9,1,1,1:24.754,1:24.622,1:23.824,84.754,84.622,1
9614,1096,815,9,11,2,1:24.820,1:24.419,1:24.052,84.82,84.419,2
9615,1096,844,6,16,3,1:25.211,1:24.517,1:24.092,85.211,84.517,4
9616,1096,832,6,55,4,1:25.090,1:24.521,1:24.242,85.09,84.521,3
9617,1096,1,131,44,5,1:25.594,1:24.774,1:24.508,85.594,84.774,8
9618,1096,847,131,63,6,1:25.545,1:24.940,1:24.511,85.545,84.94,7
9619,1096,846,1,4,7,1:25.387,1:24.903,1:24.769,85.387,84.90299999999999,5
9620,1096,839,214,31,8,1:25.735,1:25.007,1:24.830,85.735,85.007,12
9621,1096,20,117,5,9,1:25.523,1:24.974,1:24.961,85.523,84.974,6
9622,1096,817,1,3,10,1:25.766,1:25.068,1:25.045,85.76599999999999,85.068,14
9623,1096,4,214,14,11,1:25.782,1:25.096,\N,85.782,85.096,15
9624,1096,852,213,22,12,1:25.630,1:25.219,\N,85.63,85.219,10
9625,1096,854,210,47,13,1:25.711,1:25.225,\N,85.711,85.225,11
9626,1096,840,117,18,14,1:25.741,1:25.359,\N,85.741,85.35900000000001,13
9627,1096,855,51,24,15,1:25.594,1:25.408,\N,85.594,85.408,8
9628,1096,825,210,20,16,1:25.834,\N,\N,85.834,NA,16
9629,1096,842,213,10,17,1:25.859,\N,\N,85.85900000000001,NA,17
9630,1096,822,51,77,18,1:25.892,\N,\N,85.892,NA,18
9631,1096,848,3,23,19,1:26.028,\N,\N,86.02799999999999,NA,19
9632,1096,849,3,6,20,1:26.054,\N,\N,86.054,NA,20
9633,1098,830,9,1,1,1:31.295,1:30.503,1:29.708,91.295,90.503,7
9634,1098,815,9,11,2,1:31.479,1:30.746,1:29.846,91.479,90.746,10
9635,1098,844,6,16,3,1:31.094,1:30.282,1:30.000,91.094,90.282,3
9636,1098,832,6,55,4,1:30.993,1:30.515,1:30.154,90.993,90.515,1
9637,1098,4,117,14,5,1:31.158,1:30.645,1:30.336,91.158,90.645,4
9638,1098,847,131,63,6,1:31.057,1:30.507,1:30.340,91.057,90.507,2
9639,1098,1,131,44,7,1:31.543,1:30.513,1:30.384,91.543,90.513,13
9640,1098,840,117,18,8,1:31.184,1:31.127,1:30.836,91.184,91.127,5
9641,1098,839,214,31,9,1:31.508,1:30.914,1:30.984,91.508,90.914,12
9642,1098,807,210,27,10,1:31.204,1:30.809,\N,91.20400000000001,90.809,6
9643,1098,846,1,4,11,1:31.652,1:31.381,\N,91.652,91.381,15
9644,1098,822,51,77,12,1:31.504,1:31.443,\N,91.504,91.443,11
9645,1098,855,51,24,13,1:31.615,1:31.473,\N,91.615,91.473,14
9646,1098,852,213,22,14,1:31.400,1:32.510,\N,91.4,92.50999999999999,8
9647,1098,848,3,23,15,1:31.461,\N,\N,91.461,NA,9
9648,1098,858,3,2,16,1:31.652,\N,\N,91.652,NA,15
9649,1098,825,210,20,17,1:31.892,\N,\N,91.892,NA,17
9650,1098,857,1,81,18,1:32.101,\N,\N,92.101,NA,18
9651,1098,856,213,21,19,1:32.121,\N,\N,92.12100000000001,NA,19
9652,1098,842,214,10,20,1:32.181,\N,\N,92.181,NA,20
9653,1099,815,9,11,1,1:29.244,1:28.635,1:28.265,89.244,88.635,2
9654,1099,844,6,16,2,1:29.376,1:28.903,1:28.420,89.376,88.90299999999999,5
9655,1099,4,117,14,3,1:29.298,1:28.757,1:28.730,89.298,88.757,3
9656,1099,847,131,63,4,1:29.592,1:29.132,1:28.857,89.592,89.132,8
9657,1099,832,6,55,5,1:29.411,1:28.957,1:28.931,89.411,88.957,6
9658,1099,840,117,18,6,1:29.335,1:28.962,1:28.945,89.33500000000001,88.962,4
9659,1099,839,214,31,7,1:29.707,1:29.255,1:29.078,89.707,89.255,12
9660,1099,1,131,44,8,1:29.689,1:29.374,1:29.223,89.689,89.374,10
9661,1099,857,1,81,9,1:29.706,1:29.378,1:29.243,89.706,89.378,11
9662,1099,842,214,10,10,1:29.890,1:29.411,1:29.357,89.89,89.411,14
9663,1099,807,210,27,11,1:29.547,1:29.451,NA,89.547,89.451,7
9664,1099,855,51,24,12,1:29.654,1:29.461,NA,89.654,89.461,9
9665,1099,825,210,20,13,1:29.744,1:29.634,NA,89.744,89.634,13
9666,1099,822,51,77,14,1:29.929,1:29.668,NA,89.929,89.668,15
9667,1099,830,9,1,15,1:28.761,1:49.953,NA,88.761,109.953,1
9668,1099,852,213,22,16,1:29.939,NA,NA,89.939,NA,16
9669,1099,848,3,23,17,1:29.994,NA,NA,89.994,NA,17
9670,1099,856,213,21,18,1:30.244,NA,NA,90.244,NA,18
9671,1099,846,1,4,19,1:30.447,NA,NA,90.447,NA,19
9672,1099,858,3,2,20,2:08.510,NA,NA,128.51,NA,20
9673,1100,830,9,1,1,1:17.384,1:17.056,1:16.732,77.384,77.056,1
9674,1100,847,131,63,2,1:17.654,1:17.513,1:16.968,77.654,77.513,2
9675,1100,1,131,44,3,1:17.689,1:17.551,1:17.104,77.689,77.551,3
9676,1100,4,117,14,4,1:17.832,1:17.283,1:17.139,77.832,77.283,5
9677,1100,832,6,55,5,1:17.928,1:17.349,1:17.270,77.928,77.349,7
9678,1100,840,117,18,6,1:17.873,1:17.616,1:17.308,77.873,77.616,6
9679,1100,844,6,16,7,1:18.218,1:17.390,1:17.369,78.218,77.39,11
9680,1100,848,3,23,8,1:17.962,1:17.761,1:17.609,77.962,77.761,8
9681,1100,842,214,10,9,1:18.312,1:17.574,1:17.675,78.312,77.574,13
9682,1100,807,210,27,10,1:18.029,1:17.412,1:17.735,78.029,77.412,9
9683,1100,839,214,31,11,1:17.770,1:17.768,NA,77.77,77.768,4
9684,1100,852,213,22,12,1:18.471,1:18.099,NA,78.471,78.099,15
9685,1100,846,1,4,13,1:18.243,1:18.119,NA,78.243,78.119,12
9686,1100,825,210,20,14,1:18.159,1:18.129,NA,78.15899999999999,78.129,10
9687,1100,856,213,21,15,1:18.450,1:18.335,NA,78.45,78.33500000000001,14
9688,1100,857,1,81,16,1:18.517,NA,NA,78.517,NA,16
9689,1100,855,51,24,17,1:18.540,NA,NA,78.53999999999999,NA,17
9690,1100,858,3,2,18,1:18.557,NA,NA,78.557,NA,18
9691,1100,822,51,77,19,1:18.714,NA,NA,78.714,NA,19
9693,1101,844,6,16,1,1:41.269,1:41.037,1:40.203,101.269,101.037,1
9694,1101,830,9,1,2,1:41.398,1:40.822,1:40.391,101.398,100.822,2
9695,1101,815,9,11,3,1:41.756,1:41.131,1:40.495,101.756,101.131,4
9696,1101,832,6,55,4,1:42.197,1:41.369,1:41.016,102.197,101.369,9
9697,1101,1,131,44,5,1:42.113,1:41.650,1:41.177,102.113,101.65,6
9698,1101,4,117,14,6,1:41.720,1:41.370,1:41.253,101.72,101.37,3
9699,1101,846,1,4,7,1:42.154,1:41.485,1:41.281,102.154,101.485,7
9700,1101,852,213,22,8,1:42.234,1:41.569,1:41.581,102.23400000000001,101.569,10
9701,1101,840,117,18,9,1:42.524,1:41.576,1:41.611,102.524,101.576,13
9702,1101,857,1,81,10,1:42.455,1:41.636,1:41.611,102.455,101.636,12
9703,1101,847,131,63,11,1:42.073,1:41.654,NA,102.07300000000001,101.654,5
9704,1101,839,214,31,12,1:42.622,1:41.798,NA,102.622,101.798,15
9705,1101,848,3,23,13,1:42.171,1:41.818,NA,102.17099999999999,101.818,8
9706,1101,822,51,77,14,1:42.582,1:42.259,NA,102.582,102.259,14
9707,1101,858,3,2,15,1:42.242,1:42.395,NA,102.24199999999999,102.39500000000001,11
9708,1101,855,51,24,16,1:42.642,NA,NA,102.642,NA,16
9709,1101,807,210,27,17,1:42.755,NA,NA,102.755,NA,17
9710,1101,825,210,20,18,1:43.417,NA,NA,103.417,NA,18
9711,1101,842,214,10,19,1:44.853,NA,NA,104.85300000000001,NA,19
9713,1102,815,9,11,1,1:27.713,1:27.328,1:26.841,87.713,87.328,3
9714,1102,4,117,14,2,1:28.179,1:27.097,1:27.202,88.179,87.09700000000001,12
9715,1102,832,6,55,3,1:27.686,1:27.148,1:27.349,87.686,87.148,2
9716,1102,825,210,20,4,1:27.809,1:27.673,1:27.767,87.809,87.673,5
9717,1102,842,214,10,5,1:28.061,1:27.612,1:27.786,88.061,87.612,10
9718,1102,847,131,63,6,1:28.086,1:27.743,1:27.804,88.086,87.743,11
9719,1102,844,6,16,7,1:27.713,1:26.964,1:27.861,87.713,86.964,3
9720,1102,839,214,31,8,1:27.872,1:27.444,1:27.935,87.872,87.444,8
9721,1102,830,9,1,9,1:27.363,1:26.814,\N,87.363,86.814,1
9722,1102,822,51,77,10,1:27.864,1:27.564,\N,87.864,87.564,7
9723,1102,848,3,23,11,1:28.234,1:27.795,\N,88.23400000000001,87.795,14
9724,1102,807,210,27,12,1:27.945,1:27.903,\N,87.945,87.90299999999999,9
9725,1102,1,131,44,13,1:27.846,1:27.975,\N,87.846,87.975,6
9726,1102,855,51,24,14,1:28.180,1:28.091,\N,88.18,88.09100000000001,13
9727,1102,856,213,21,15,1:28.325,1:28.395,\N,88.325,88.395,15
9728,1102,846,1,4,16,1:28.394,\N,\N,88.394,NA,16
9729,1102,852,213,22,17,1:28.429,\N,\N,88.429,NA,17
9730,1102,840,117,18,18,1:28.476,\N,\N,88.476,NA,18
9731,1102,857,1,81,19,1:28.484,\N,\N,88.48400000000001,NA,19
9732,1102,858,3,2,20,1:28.577,\N,\N,88.577,NA,20
9733,1104,830,9,1,1,1:12.386,1:11.908,1:11.365,72.386,71.908,1
9734,1104,4,117,14,2,1:12.886,1:12.107,1:11.449,72.886,72.107,9
9735,1104,844,6,16,3,1:12.912,1:12.103,1:11.471,72.912,72.103,10
9736,1104,839,214,31,4,1:12.967,1:12.248,1:11.553,72.967,72.248,11
9737,1104,832,6,55,5,1:12.717,1:12.210,1:11.630,72.717,72.21000000000001,4
9738,1104,1,131,44,6,1:12.872,1:12.156,1:11.725,72.872,72.156,7
9739,1104,842,214,10,7,1:13.033,1:12.169,1:11.933,73.033,72.169,13
9740,1104,847,131,63,8,1:12.769,1:12.151,1:11.964,72.769,72.151,6
9741,1104,852,213,22,9,1:12.642,1:12.249,1:12.082,72.642,72.249,2
9742,1104,846,1,4,10,1:12.877,1:12.377,1:12.254,72.877,72.377,8
9743,1104,857,1,81,11,1:13.006,1:12.395,\N,73.006,72.395,12
9744,1104,856,213,21,12,1:13.054,1:12.428,\N,73.054,72.428,15
9745,1104,848,3,23,13,1:12.706,1:12.527,\N,72.706,72.527,3
9746,1104,840,117,18,14,1:12.722,1:12.623,\N,72.722,72.623,5
9747,1104,822,51,77,15,1:13.038,1:12.625,\N,73.038,72.625,14
9748,1104,858,3,2,16,1:13.113,\N,\N,73.113,NA,16
9749,1104,825,210,20,17,1:13.270,\N,\N,73.27,NA,17
9750,1104,807,210,27,18,1:13.279,\N,\N,73.279,NA,18
9751,1104,855,51,24,19,1:13.523,\N,\N,73.523,NA,19
9752,1104,815,9,11,20,1:13.850,\N,\N,73.85,NA,20
9753,1105,830,9,1,1,1:13.615,1:12.760,1:12.272,73.615,72.76,9
9754,1105,832,6,55,2,1:13.411,1:12.790,1:12.734,73.411,72.78999999999999,4
9755,1105,846,1,4,3,1:13.295,1:12.776,1:12.792,73.295,72.776,2
9756,1105,842,214,10,4,1:13.471,1:13.186,1:12.816,73.471,73.186,7
9757,1105,1,131,44,5,1:12.937,1:12.999,1:12.818,72.937,72.999,1
9758,1105,840,117,18,6,1:13.766,1:13.082,1:12.994,73.766,73.082,13
9759,1105,839,214,31,7,1:13.433,1:13.001,1:13.083,73.43299999999999,73.001,6
9760,1105,807,210,27,8,1:13.420,1:13.283,1:13.229,73.42,73.283,5
9761,1105,4,117,14,9,1:13.747,1:13.098,1:13.507,73.747,73.098,12
9762,1105,857,1,81,10,1:13.691,1:13.059,1:13.682,73.691,73.059,11
9763,1105,815,9,11,11,1:13.874,1:13.334,\N,73.874,73.334,15
9764,1105,847,131,63,12,1:13.326,1:13.447,\N,73.326,73.447,3
9765,1105,855,51,24,13,1:13.677,1:13.521,\N,73.67699999999999,73.521,10
9766,1105,856,213,21,14,1:13.581,1:14.083,\N,73.581,74.083,8
9767,1105,852,213,22,15,1:13.862,1:14.477,\N,73.862,74.477,14
9768,1105,822,51,77,16,1:13.977,\N,\N,73.977,NA,16
9769,1105,825,210,20,17,1:14.042,\N,\N,74.042,NA,17
9770,1105,848,3,23,18,1:14.063,\N,\N,74.063,NA,18
9771,1105,844,6,16,19,1:14.079,\N,\N,74.07900000000001,NA,19
9772,1105,858,3,2,20,1:14.699,\N,\N,74.699,NA,20
9773,1106,830,9,1,1,1:20.851,1:19.092,1:25.858,80.851,79.092,1
9774,1106,807,210,27,2,1:22.730,1:20.305,1:27.102,82.73,80.305,15
9775,1106,4,117,14,3,1:21.481,1:19.776,1:27.286,81.481,79.776,2
9776,1106,1,131,44,4,1:21.554,1:20.426,1:27.627,81.554,80.426,3
9777,1106,847,131,63,5,1:21.798,1:20.098,1:27.893,81.798,80.098,4
9778,1106,839,214,31,6,1:22.114,1:20.406,1:27.945,82.114,80.406,8
9779,1106,846,1,4,7,1:21.998,1:19.347,1:28.046,81.998,79.34700000000001,7
9780,1106,832,6,55,8,1:22.248,1:19.856,1:29.294,82.248,79.856,11
9781,1106,857,1,81,9,1:22.190,1:19.659,1:31.349,82.19,79.65899999999999,10
9782,1106,848,3,23,10,1:21.938,1:18.725,\N,81.938,78.725,6
9783,1106,844,6,16,11,1:21.843,1:20.615,\N,81.843,80.615,5
9784,1106,815,9,11,12,1:22.151,1:20.959,\N,82.151,80.959,9
9785,1106,840,117,18,13,1:22.677,1:21.484,\N,82.67699999999999,81.48400000000001,14
9786,1106,825,210,20,14,1:22.351,1:21.678,\N,82.351,81.678,13
9787,1106,822,51,77,15,1:22.332,1:21.821,\N,82.332,81.821,12
9788,1106,852,213,22,16,1:22.746,\N,\N,82.746,NA,16
9789,1106,842,214,10,17,1:22.886,\N,\N,82.886,NA,17
9790,1106,856,213,21,18,1:23.137,\N,\N,83.137,NA,18
9791,1106,858,3,2,19,1:23.337,\N,\N,83.337,NA,19
9792,1106,855,51,24,20,1:23.342,\N,\N,83.342,NA,20
9793,1107,830,9,1,1,1:05.116,1:04.951,1:04.391,65.116,64.951,1
9794,1107,844,6,16,2,1:05.577,1:05.087,1:04.439,65.577,65.087,5
9795,1107,832,6,55,3,1:05.339,1:04.975,1:04.581,65.339,64.975,3
9796,1107,846,1,4,4,1:05.617,1:05.038,1:04.658,65.617,65.038,6
9797,1107,1,131,44,5,1:05.673,1:05.188,1:04.819,65.673,65.188,8
9798,1107,840,117,18,6,1:05.710,1:05.121,1:04.893,65.71,65.121,12
9799,1107,4,117,14,7,1:05.655,1:05.181,1:04.911,65.655,65.181,7
9800,1107,807,210,27,8,1:05.740,1:05.362,1:05.090,65.74,65.362,14
9801,1107,842,214,10,9,1:05.515,1:05.308,1:05.170,65.515,65.30799999999999,4
9802,1107,848,3,23,10,1:05.673,1:05.387,1:05.823,65.673,65.387,8
9803,1107,847,131,63,11,1:05.686,1:05.428,\N,65.686,65.428,11
9804,1107,839,214,31,12,1:05.729,1:05.453,\N,65.729,65.453,13
9805,1107,857,1,81,13,1:05.683,1:05.605,\N,65.68299999999999,65.605,10
9806,1107,822,51,77,14,1:05.763,1:05.680,\N,65.763,65.68,15
9807,1107,815,9,11,15,1:05.177,2:06.688,\N,65.17699999999999,126.688,2
9808,1107,852,213,22,16,1:05.784,\N,\N,65.784,NA,16
9809,1107,855,51,24,17,1:05.818,\N,\N,65.818,NA,17
9810,1107,858,3,2,18,1:05.948,\N,\N,65.94800000000001,NA,18
9811,1107,825,210,20,19,1:05.971,\N,\N,65.971,NA,19
9812,1107,856,213,21,20,1:05.974,\N,\N,65.974,NA,20
9813,1108,830,9,1,1,1:29.428,1:27.702,1:26.720,89.428,87.702,5
9814,1108,846,1,4,2,1:28.917,1:28.042,1:26.961,88.917,88.042,1
9815,1108,857,1,81,3,1:29.874,1:27.845,1:27.092,89.874,87.845,14
9816,1108,844,6,16,4,1:29.143,1:28.361,1:27.136,89.143,88.361,2
9817,1108,832,6,55,5,1:29.865,1:28.265,1:27.148,89.865,88.265,12
9818,1108,847,131,63,6,1:29.412,1:28.782,1:27.155,89.412,88.782,3
9819,1108,1,131,44,7,1:29.415,1:28.545,1:27.211,89.41499999999999,88.545,4
9820,1108,848,3,23,8,1:29.466,1:28.067,1:27.530,89.46600000000001,88.06700000000001,7
9821,1108,4,117,14,9,1:29.949,1:28.368,1:27.659,89.949,88.368,15
9822,1108,842,214,10,10,1:29.533,1:28.751,1:27.689,89.533,88.751,8
9823,1108,807,210,27,11,1:29.603,1:28.896,\N,89.60300000000001,88.896,9
9824,1108,840,117,18,12,1:29.448,1:28.935,\N,89.44800000000001,88.935,6
9825,1108,839,214,31,13,1:29.700,1:28.956,\N,89.7,88.956,10
9826,1108,858,3,2,14,1:29.873,1:29.031,\N,89.873,89.031,13
9827,1108,822,51,77,15,1:29.798,\N,\N,89.798,NA,11
9828,1108,815,9,11,16,1:29.968,\N,\N,89.968,NA,16
9829,1108,852,213,22,17,1:30.025,\N,\N,90.025,NA,17
9830,1108,855,51,24,18,1:30.123,\N,\N,90.123,NA,18
9831,1108,856,213,21,19,1:30.513,\N,\N,90.513,NA,19
9832,1108,825,210,20,20,1:32.378,\N,\N,92.378,NA,20
9833,1109,1,131,44,1,1:18.577,1:17.427,1:16.609,78.577,77.42699999999999,7
9834,1109,830,9,1,2,1:18.318,1:17.547,1:16.612,78.318,77.547,2
9835,1109,846,1,4,3,1:18.697,1:17.328,1:16.694,78.697,77.328,10
9836,1109,857,1,81,4,1:18.464,1:17.571,1:16.905,78.464,77.571,6
9837,1109,855,51,24,5,1:18.143,1:17.700,1:16.971,78.143,77.7,1
9838,1109,844,6,16,6,1:18.440,1:17.580,1:16.992,78.44,77.58,5
9839,1109,822,51,77,7,1:18.775,1:17.563,1:17.034,78.775,77.563,12
9840,1109,4,117,14,8,1:18.580,1:17.701,1:17.035,78.58,77.701,8
9841,1109,815,9,11,9,1:18.360,1:17.675,1:17.045,78.36,77.675,3
9842,1109,807,210,27,10,1:18.695,1:17.652,1:17.186,78.695,77.652,9
9843,1109,832,6,55,11,1:18.393,1:17.703,\N,78.393,77.703,4
9844,1109,839,214,31,12,1:18.854,1:17.841,\N,78.854,77.84100000000001,14
9845,1109,817,213,3,13,1:18.906,1:18.002,\N,78.906,78.002,15
9846,1109,840,117,18,14,1:18.782,1:18.144,\N,78.782,78.144,13
9847,1109,842,214,10,15,1:18.743,1:18.217,\N,78.743,78.217,11
9848,1109,848,3,23,16,1:18.917,\N,\N,78.917,NA,16
9849,1109,852,213,22,17,1:18.919,\N,\N,78.919,NA,17
9850,1109,847,131,63,18,1:19.027,\N,\N,79.027,NA,18
9851,1109,825,210,20,19,1:19.206,\N,\N,79.206,NA,19
9852,1109,858,3,2,20,1:19.248,\N,\N,79.248,NA,20
9853,1110,830,9,1,1,1:58.515,1:52.784,1:46.168,118.515,112.78399999999999,2
9854,1110,844,6,16,2,1:58.300,1:52.017,1:46.988,118.3,112.017,1
9855,1110,815,9,11,3,1:58.899,1:52.353,1:47.045,118.899,112.35300000000001,7
9856,1110,1,131,44,4,1:58.563,1:52.345,1:47.087,118.563,112.345,3
9857,1110,832,6,55,5,1:58.688,1:51.711,1:47.152,118.688,111.711,4
9858,1110,857,1,81,6,1:58.872,1:51.534,1:47.365,118.872,111.53399999999999,6
9859,1110,846,1,4,7,1:59.981,1:52.252,1:47.669,119.981,112.25200000000001,14
9860,1110,847,131,63,8,1:59.035,1:52.605,1:47.805,119.035,112.60499999999999,8
9861,1110,4,117,14,9,1:58.834,1:52.751,1:47.843,118.834,112.751,5
9862,1110,840,117,18,10,1:59.663,1:52.193,1:48.841,119.663,112.193,13
9863,1110,852,213,22,11,1:59.044,1:53.148,\N,119.044,113.148,9
9864,1110,842,214,10,12,1:59.511,1:53.671,\N,119.511,113.67099999999999,11
9865,1110,825,210,20,13,2:00.020,1:54.160,\N,120.02,114.16,15
9866,1110,822,51,77,14,1:59.484,1:54.694,\N,119.48400000000001,114.694,10
9867,1110,839,214,31,15,1:59.634,1:56.372,\N,119.634,116.372,12
9868,1110,848,3,23,16,2:00.314,\N,\N,120.314,NA,16
9869,1110,855,51,24,17,2:00.832,\N,\N,120.832,NA,17
9870,1110,858,3,2,18,2:01.535,\N,\N,121.535,NA,18
9871,1110,817,213,3,19,2:02.159,\N,\N,122.159,NA,19
9872,1110,807,210,27,20,2:03.166,\N,\N,123.166,NA,20
